# 3D point list with one line of data per point:
#   POINT3D_ID, X, Y, Z, R, G, B, ERROR, TRACK[] as (IMAGE_ID, POINT2D_IDX)
# Number of points: 547, mean track length: 6.3893967093235835
901 1.3290815620327991 41.890822261178357 105.74220695141753 0 0 0 2.4148321992472201 4 601 2 464 7 603 5 605 1 434 3 549 9 776 10 705 5 583 10 706 4 457 7 508 8 497
900 -2.0922673171442439 41.15548125006768 89.268108423041355 0 0 0 1.3956970468698779 6 557 3 309 10 362 5 574 6 388 7 376 9 458 8 514
899 20.10619674169596 17.004831464252739 48.253474162382915 0 0 0 1.2432364448945126 4 367 2 231 7 325 5 292 8 338 6 321 1 278 3 339 9 744 10 388 6 510 9 742 8 560
898 27.428724577964505 -10.768404941100604 53.679554146570375 0 0 0 3.0361874353920397 4 323 2 243 7 304 5 263 6 297 8 378 1 340 3 328 9 407 10 376 7 201 2 164 4 324 5 183 8 178 6 190 1 177 3 213 9 406 10 377
897 -0.88324043609445302 43.773464307329007 104.43855821531695 0 0 0 1.6640855412263198 3 384 7 584 9 701 10 264 4 247 7 222 8 194 1 196 5 273 6 259 3 348 9 255 10 718
896 9.4671268411933518 -11.067312560291564 63.005164949672071 0 0 0 1.7300318291424159 4 85 2 111 7 115 3 91 9 142 10 150 5 327 10 236
895 26.442471747462161 -7.2216651174832593 55.730159655151517 0 0 0 1.0852972198566329 6 408 10 744 7 424 8 285
894 -3.0073892281045649 -13.447303562311367 51.334451609245534 0 0 0 1.710498761186025 6 427 10 733 7 425
892 -1.3386572210772958 40.673787779364417 88.639430639080985 0 0 0 0.66000461169471625 5 575 10 670 7 554 8 515
891 2.459268071454114 41.719313860746034 88.678673041122991 0 0 0 0.32073305159593551 5 571 6 579 10 669
890 3.9488039021053312 42.030721477192571 90.448963460495278 0 0 0 1.2005175083657662 5 572 6 580 10 661 7 558 8 513 7 378
889 -11.05150230916151 40.64644825750581 119.56231150437907 0 0 0 0.40056130663136014 6 503 10 609 7 494 8 531
888 -1.4322588686276501 -37.231513729252846 176.30814190984222 0 0 0 1.0754161311824886 5 259 9 518 10 487
887 -14.07025393357204 46.266133291436475 111.84941512538481 0 0 0 1.0787670483356373 3 622 5 589 6 604 7 579 8 357
886 10.178537100655747 44.810044135964105 112.7022927350661 0 0 0 1.5036075409064786 5 590 6 363 10 408
885 6.2723849620089576 -13.26330035210986 55.108632766281318 0 0 0 1.7070979691127568 6 432 10 368
884 6.0825564284459439 42.006033742200458 91.130745002985719 0 0 0 1.0921777599068865 5 214 6 221 9 686 10 357 4 146
883 7.8317452490356603 3.2633533041794855 17.433825997668844 0 0 0 2.3983792259519401 5 229 10 334
882 1.3227993706825545 42.141053012753872 94.30452419907401 0 0 0 0.41160792593834056 5 544 10 327 4 606 7 403 8 307
881 4.4334126030613641 -28.666941464072551 143.22251881010723 0 0 0 1.3038148318333513 5 261 6 300 10 238 4 495
879 -3.362557886190507 10.43175579333179 256.901761738061 0 0 0 0.87413003706590087 3 250 6 174 9 319 10 214 2 150 5 161 7 183 8 160 1 203 4 181
878 -0.48731392763106124 10.482536070941638 265.92651644965616 0 0 0 0.67884684454996025 3 249 5 117 6 124 10 172 8 115 9 123 4 91 7 123 1 112
877 -11.135386711850268 41.987484045278713 86.234254617564588 0 0 0 1.361442392023126 3 412 6 402 9 52 10 161 8 207
876 -11.514209400598348 40.975329039409246 90.780007765495611 0 0 0 1.9558498311444577 5 130 9 51 10 159 3 70 10 44
874 -8.3203923411081337 40.035185805687156 94.362432247474032 0 0 0 1.2717384989211775 5 98 6 99 10 106 7 572
873 -6.670410707595642 19.074032439633992 142.69913783549637 0 0 0 0.41460019082680111 5 106 10 83 4 72
872 22.154532534699481 19.31135051621618 50.89630583277777 0 0 0 0.4112744437775212 5 42 10 55 7 58 8 46
871 -7.4484871097297587 25.631930164928239 60.057963666430766 0 0 0 1.133637528187577 3 113 6 98 9 75 7 150 5 209 8 325
870 -7.6958004445139405 14.626255986427291 45.999142988230211 0 0 0 0.68325074861986612 6 52 10 26 7 74
869 -15.229605083055807 -30.079202494138144 140.19934130439273 0 0 0 2.9434724609276777 5 66 6 60 9 43
868 -13.193507390083056 8.141538344135423 161.86909023664327 0 0 0 2.2435015629326993 4 116 7 237 8 148 1 66 5 168 6 344 3 550 5 437 9 373 2 365 4 309 1 220 10 624 10 639
867 -7.5998046104642336 7.9656354425371498 145.56013690857014 0 0 0 2.6640728084638652 2 290 4 193 5 562 8 542 6 568 3 411 9 433 4 192 2 192 7 385 5 315 8 350 6 347 3 382
866 -10.605766982026964 41.247740531055769 93.582328916331093 0 0 0 1.7390936174161267 5 540 6 553 7 547 8 522 3 631 9 795 2 451 5 553 6 558 1 289 10 676
864 31.644717264924079 4.1602919001711314 50.640698249315264 0 0 0 0.31500077278332317 5 516 9 783 6 521 10 737
863 5.5735229329516232 43.155884493095968 109.35271715706719 0 0 0 0.27979557921532505 7 338 9 774 6 209 10 714
862 -6.1340505108581267 41.985112767249618 120.57636109145906 0 0 0 0.38250209113148803 6 320 7 326 9 760 8 562
860 20.864506968774002 18.836872048968658 48.901279609733585 0 0 0 0.37524765136853122 7 214 9 738
859 -8.6763652352320317 40.645968624054404 87.18279978662521 0 0 0 0.86068158054298349 3 422 5 215 6 367 9 730 7 234 8 204
858 30.799293468412987 -5.6714678137124119 50.389721256796506 0 0 0 0.6176422534329824 7 418 9 715 8 430
856 -15.353655654860136 48.743534264631393 120.78101464342214 0 0 0 1.5092747427104882 3 601 6 595 9 695 8 583
855 6.656986464337141 43.174928192764654 96.379081592260732 0 0 0 1.2380860621822614 5 543 6 551 9 692 4 374 7 552 10 738
854 1.5399042375984868 42.441198820399968 96.176111010806409 0 0 0 0.9059275812292843 5 550 9 690 4 616 10 704
852 26.972724123829099 4.4174937281164359 54.484075423209973 0 0 0 0.47030751649753927 6 520 9 656 8 469
851 -12.528595857547961 4.668330853387423 330.73768070609742 0 0 0 1.7646911942154355 3 377 5 423 6 442 7 387 9 642 8 394 2 379 4 317 1 262 2 226 4 287 7 281 5 467 10 201 10 232 9 204
850 17.054028854151642 6.8840061698747048 225.03954279854486 0 0 0 1.9032555486867753 3 647 6 170 9 637 5 152 7 179 8 158 4 176 2 147 1 160
849 1.4936898834039034 19.587411101911194 143.8422067403524 0 0 0 1.5274777172561511 5 507 9 593 2 196 10 654
848 9.0138763190154663 -29.537278766790973 228.16337249232777 0 0 0 1.3715958083926787 5 399 6 474 9 559 4 543 7 167
847 28.214192905510643 -5.7815738621457253 53.096375381139111 0 0 0 0.34356659334236367 6 611 9 481 10 747
845 -17.358128692995752 -21.294550326875154 246.43589738112644 0 0 0 1.5244896097010909 3 521 7 467 9 454 4 553 5 346 6 264 8 288 1 149 2 206 10 245
844 -5.2617696878329765 -6.4305425865308612 42.083729968350504 0 0 0 1.2583848598264968 5 398 7 421 9 412
843 5.6594428882284333 5.003915115407719 301.82667708095454 0 0 0 0.36993704051332055 5 424 6 444 9 385 2 453 4 318 8 393 1 265
842 27.515901770527591 6.3997557159343872 53.293376495604647 0 0 0 0.48791530530669036 5 509 6 525 7 357 9 379 8 425
839 4.1688577304627152 42.698087767973618 96.923308997374704 0 0 0 0.30998650959410945 5 372 6 555 7 402 9 345 4 372 8 309 10 325
838 -13.966729736805181 41.839185039849134 146.15436182409402 0 0 0 1.8906840608701125 7 536 9 335 8 565
837 6.0163648035734099 21.292414227682894 158.73990151152228 0 0 0 1.6377542937227938 5 366 6 531 9 295 4 395 1 239 10 440
836 10.753814826705634 21.295378542522219 150.20171616448147 0 0 0 1.7686680761297111 6 120 7 241 9 274 4 112 8 413 6 534 7 568 10 643
835 26.237592723874631 13.943438149257114 60.10669748544192 0 0 0 0.97330855064417032 7 235 9 268
834 -7.3454937172432206 21.841044745540135 46.325342815654928 0 0 0 0.76817380091166487 6 399 9 256 8 303
833 21.30039136469593 -12.542175400310958 44.890987885573175 0 0 0 0.9705717684875218 6 288 9 222 10 514
832 -4.9768546637617028 -14.827451066391914 53.684888744710342 0 0 0 0.15046862833153274 7 289 9 220 8 374
831 -8.2436275120826394 8.2807723941956013 232.69203780805756 0 0 0 1.0520636869431008 5 87 6 80 7 98 9 208 4 64 8 85 2 68 1 69
830 16.54610057168787 4.0266502468531638 297.68145109661526 0 0 0 0.71411968947970894 3 376 5 303 6 276 7 284 9 206 8 248 2 299 4 294 1 264 10 200
829 4.993697951101578 1.5904677644012037 299.74880503427931 0 0 0 0.36297863285579846 3 185 5 154 6 165 7 175 9 201 8 147 2 144 4 170 1 157 10 192
828 19.75122656323818 -27.774944741876077 179.10701249048986 0 0 0 0.86746705838042759 6 158 9 197 5 193 7 266 8 142 4 321
827 29.159383578327414 -25.799990690468825 273.05022181084615 0 0 0 0.96893889731570071 3 183 5 343 6 262 7 391 9 195 8 287 2 352 4 349 1 381 10 244
826 -6.5476762933359884 39.942125902108288 109.2345097295478 0 0 0 0.54456864109050351 5 198 6 151 7 327 9 150 10 165
825 31.260137395173999 9.7133012747678649 294.07334950002837 0 0 0 0.96984549086815741 3 126 5 151 6 171 7 122 9 122 8 159 2 149 4 178 1 211 10 171
824 -7.0015403757621897 3.8999143383032768 299.63137552765664 0 0 0 0.34621221226145465 3 128 5 119 6 125 7 95 9 88 8 76 2 70 4 90 1 72 10 93
821 8.5306556582524653 3.1334294174412509 311.1481912595321 0 0 0 1.6277596970947894 3 86 5 62 6 63 7 66 9 65 8 61 2 58 4 68 1 56 10 190 3 170 6 181 5 176 7 282 2 160 8 396 4 379 1 158
820 -12.326817101677289 -24.683322855433264 127.0020974655157 0 0 0 2.1759395206459091 6 192 9 62 7 308
819 4.2241813530492243 42.594680137499353 132.86213925790784 0 0 0 0.26536951841106615 6 53 7 56 9 49 10 57
817 1.4862289343399604 37.313010525708336 148.47188384310894 0 0 0 0.54570007211755012 6 49 7 53 9 32 10 33
816 3.0341795729440308 38.317694850054799 147.96654863965406 0 0 0 2.3022760529200488 5 620 8 540 3 568 4 164 6 112 1 183 4 227 1 446 5 128 5 495 9 739
815 -3.2336970021317009 44.596410532345693 166.70905740111431 0 0 0 1.4271956441024283 7 533 3 576 6 309 8 210 10 617
814 17.160213866357509 16.44283939453792 50.533200838578317 0 0 0 2.6925928660137504 4 583 1 426 5 470 6 499 3 569 4 579 2 272 7 488 5 473 6 497 1 315 9 749
813 31.045651059560967 12.937368425136084 50.589094232132354 0 0 0 0.055945711537441309 5 485 3 671
812 2.4584643066173575 38.725251191781176 138.80342986104256 0 0 0 0.87129071701628058 6 490 7 370 3 665 9 459 10 387
811 -16.874832333424976 42.34372966341887 137.75205960436531 0 0 0 1.3324409759497211 8 369 3 663 5 242 9 28 10 36
810 29.242627989196304 -1.2122480531937212 53.824247738723201 0 0 0 1.9909980932240348 6 475 3 656 7 473 8 460
809 5.3012300496049161 42.1759328146847 96.798545394095996 0 0 0 0.24334243756105123 5 555 6 560 7 544 3 652 9 696 10 721
808 -3.9356257329825635 -14.717637367822377 54.856663501876859 0 0 0 2.0324549790096427 6 424 7 434 3 648 9 498 10 508 8 574
807 -3.2075802705307015 41.052057723921635 91.898083814825029 0 0 0 1.2580577356118967 5 545 6 550 7 374 8 299 3 643 4 612 9 798 10 557 10 677
806 -1.3123043721088279 41.930903410182843 94.02439439555944 0 0 0 0.29433683424049389 5 547 6 391 7 550 8 520 3 642 4 375 9 688 10 539
805 -8.8931489653309708 40.765422715322508 88.85082767915948 0 0 0 0.61487919885265607 5 380 6 389 7 553 8 305 3 641 9 463 10 364
804 -3.4711700989997119 41.199312421010013 89.14623673800061 0 0 0 0.46204002544874884 5 358 6 581 7 541 8 304 3 640 9 735 10 668
803 -6.1893118383608021 41.00380530930066 87.744730562114839 0 0 0 0.53422127704266831 6 403 7 380 8 420 3 637 5 355 10 504
802 6.8750209956616928 42.439640589747256 91.117820966859654 0 0 0 0.38785849904183994 6 400 7 379 8 301 3 636 5 371 4 376 9 685 10 675
801 4.0585080271619285 42.188974190142247 89.67273380333171 0 0 0 0.51549605051220637 7 381 8 206 3 635 9 697 10 361
800 6.9149756809692118 42.316513266504018 89.579330100564036 0 0 0 0.42845828666691543 6 405 7 560 8 308 3 633 5 570 9 457 10 360
798 -10.090299467681843 40.358938382223151 84.290694309549963 0 0 0 0.71390283478785144 6 578 3 630 7 563 8 331 5 568 9 261 10 473
797 -7.540310165995133 41.350355044726065 95.286309851406017 0 0 0 0.67780913360300332 5 271 6 381 7 404 8 589 3 626 4 614 9 689 10 680
796 -3.1972133811362582 41.12614497769875 93.215910403362443 0 0 0 1.034393902721839 5 551 6 554 7 546 3 616 10 679
795 -11.55824905349141 5.3644482995717553 206.33946191181877 0 0 0 1.4399446735376893 7 447 8 388 3 613 5 430 6 448 4 313 1 223 2 389 10 426
794 12.523844204950473 18.412067094423975 160.51474605825081 0 0 0 1.0156116504485189 5 512 6 524 8 426 3 608 4 475 10 438
793 1.6898376010287783 40.807358807591434 84.600893479874387 0 0 0 1.5114349922739641 6 576 3 587 7 564 5 558 8 327 6 366 9 731
792 -2.6693066014334645 41.524812251856375 86.710631843209526 0 0 0 0.26254237048170187 8 511 3 586 6 577 9 729 10 365
791 10.175325450477478 39.605301498206749 142.50248752708941 0 0 0 0.26202389925533232 5 483 6 491 7 535 3 581
788 9.6045270438554482 29.386097328995515 127.4826076750835 0 0 0 0.89007580900941541 6 533 7 366 8 249 3 565 4 281 10 456
787 -13.982212601023543 17.359142679114711 125.7597975948969 0 0 0 0.4089573774399583 5 506 3 564
786 15.458446116892313 30.509393933853268 175.33094634622677 0 0 0 0.47251485826625439 5 533 3 561 9 782
785 28.556389727935919 12.575449714224417 52.646863870786042 0 0 0 0.082573621342367731 7 526 8 545 3 560
784 3.6213345794458229 41.555672032837151 105.07719296144097 0 0 0 0.50948727551512418 5 607 7 528 3 551 4 604 10 713
783 -8.8283711388323844 7.8347274261375475 137.95643211638222 0 0 0 1.1048626032204094 5 302 8 563 3 542 9 215 10 728 5 520
782 2.315480907889742 41.170517911255153 108.36941489039735 0 0 0 1.5051737185436311 5 492 3 541 4 101 9 153
781 9.9858421710994758 41.047401230814579 109.70868022385471 0 0 0 0.75763946065958709 5 486 3 536 10 726
780 -11.432895775519555 32.984934890770127 89.085832165131407 0 0 0 1.557033727731451 5 287 3 534 9 149 10 269
779 -23.427029819002726 17.559881300417608 39.606359207864976 0 0 0 1.6844565745078874 5 546 6 556 8 525 3 533 6 395
778 -22.495331878727065 17.143428438785353 38.56508850916363 0 0 0 0.4788076044841782 6 394 7 545 8 311 3 532
777 -10.314930200115105 40.664111174270943 120.80752553557662 0 0 0 0.43285687803768214 5 471 7 492 8 532 3 527 9 772
776 19.334984924816741 18.926949544854978 47.438207608679868 0 0 0 0.27756504506188828 5 275 6 334 7 336 8 354 3 526 9 737
775 29.064148109702067 -0.42054010041260775 53.447815520190133 0 0 0 1.2683525534958384 5 466 3 523 9 576
773 -23.084790010607346 0.55739802464928045 39.957248586184043 0 0 0 1.638833910055159 5 431 6 483 8 402 3 514
771 28.151101174991219 -2.1961868790277661 52.495744739054871 0 0 0 0.21972287029569379 5 459 6 266 3 511
770 -19.327365437746433 -28.423750163441898 196.22781022872041 0 0 0 0.72648221893805864 5 396 8 431 3 508
769 31.379744765081085 -4.195219943720776 51.533268226270643 0 0 0 0.29861760095612733 5 449 3 506
768 12.896990729579604 -16.060176933714715 111.13184528858065 0 0 0 1.4467015030674986 7 423 3 505 9 420
767 18.094853703977158 -27.104351563361934 164.02181895699826 0 0 0 1.3005722473508319 7 264 8 432 3 504 6 416 5 175 9 144 10 241
766 -23.067056936544081 4.4352099280561177 38.362443351787292 0 0 0 0.099786343164497263 5 610 7 610 3 493
765 -24.602679903384132 1.220792469705712 43.289967080271566 0 0 0 0.24382557861751472 5 354 3 477
764 2.7375518906869178 -14.362319325545469 62.138835334750873 0 0 0 0.98950911304404132 6 436 3 470 10 370
763 -0.44332497892058365 -14.400658618889663 58.196124119095167 0 0 0 1.8663521885613248 6 431 8 375 3 469 10 359
762 26.2051107956528 -10.469700875048121 54.613546205479373 0 0 0 0.37849012517876868 5 266 6 385 3 466
761 -2.2585818424934079 -14.267551067011313 55.366111712211449 0 0 0 1.814196223397698 8 446 3 465 7 605 9 321
760 -4.6812595215355159 -17.604914662176331 49.477392971436551 0 0 0 2.0328099851497821 7 398 8 326 3 456
759 10.989963844220851 -27.2895878608342 146.91888120297781 0 0 0 2.411997950779023 5 614 3 453 4 499 10 498
758 2.4904848608699459 -2.5123315190086597 34.677760715670928 0 0 0 1.4225239378706664 6 468 3 450
757 18.147818154479229 -29.52158463345938 154.87300328608734 0 0 0 2.0708217151136634 6 407 8 436 3 449 7 416 9 237 10 449 3 454 9 423
756 -0.29038318072325608 -17.16970565512646 53.163829007151492 0 0 0 1.7788387558432641 5 404 3 448 7 438 10 502
755 -13.147008095096343 -28.4809676722967 139.35937635920868 0 0 0 1.3998391018834175 5 412 6 413 7 307 8 438 3 445 10 11 9 7 3 437
754 8.3854440002048403 -28.561994921566182 140.34001935116459 0 0 0 0.54965157933080111 7 413 3 444 10 481
753 -11.065926415616181 -32.204776303696178 132.62991460735483 0 0 0 1.3211038570621785 6 433 7 607 3 442
752 -4.4889896005913554 41.643926474851121 89.236152470568911 0 0 0 0.45609885950264029 8 300 3 424 9 465 10 433
751 -0.44702838444352161 41.935821756758997 89.299177122364156 0 0 0 0.38800421838278137 6 222 8 205 3 423 5 216 9 462 10 274
750 -3.944439930156086 43.620442925785262 93.145302604338738 0 0 0 1.2300905424934463 8 512 3 421 10 467
749 -1.0229464354644018 41.657651071576858 89.705097701113303 0 0 0 0.48056599226502716 5 384 6 397 7 377 8 302 3 420 10 363
748 8.3076585080029464 41.587592825388775 128.20874466337503 0 0 0 0.41662783790013452 5 237 6 316 3 417 9 244 10 312
747 4.9105138704916174 42.009527949202209 91.578853678994207 0 0 0 0.74988965713198619 5 381 6 220 7 232 3 410 4 255 9 687
746 25.24957510846118 4.6661112617475249 54.756818697017827 0 0 0 0.45744432594551654 8 237 3 375 9 654
745 0.34067783805846202 41.276583869758731 94.887135050381929 0 0 0 0.23104468443547196 6 396 3 373 10 367
744 -2.9399486299918549 40.75518600085833 99.413506619945096 0 0 0 0.10574133880530907 6 607 7 578 3 368
743 6.9080596002153598 41.565730881130797 108.74813171773503 0 0 0 0.35397370192134214 6 206 8 199 3 362 10 406
742 -21.963518697764854 17.32157780475735 38.601905341275796 0 0 0 0.36019989033136557 5 542 6 392 7 401 3 352
741 -18.261046976446583 15.509104118552225 36.370547415960232 0 0 0 0.63069895293275402 5 340 7 359 8 359 3 347
740 0.62523404510097003 40.482736169978374 130.13922203443903 0 0 0 0.51492820190786726 5 235 6 314 8 349 3 344
739 7.0200484437388662 35.830993690262538 114.36626749601562 0 0 0 1.8644607986400497 5 475 6 495 7 506 8 283 3 343 4 417 6 315 9 254
738 -1.6943706973267472 41.327902535441481 90.906167704602353 0 0 0 1.8691509510219415 6 549 8 504 3 335 5 612 9 456 10 674
737 10.583385678943248 -14.540629308421529 64.567630285803943 0 0 0 0.80758603113650396 6 437 8 429 3 326 9 228
736 -6.7732988312491091 40.949395346630951 89.720515196383644 0 0 0 0.53550875354057181 5 379 7 231 8 202 3 323
735 -4.3571721750547727 -14.085629446389998 52.267520422973412 0 0 0 1.2875977505758061 6 423 8 451 3 315 7 290 6 373 9 553
734 21.833297994279391 -13.749611607309651 47.299921798167453 0 0 0 0.56899880430692029 5 255 7 187 3 312 10 513
733 -21.688165109981639 -10.079448190339027 38.645949804005895 0 0 0 0.30971770180107289 5 414 6 425 3 311
731 -23.121206161686974 -10.250658202201466 37.114599097843403 0 0 0 1.3598212469099575 6 183 7 428 8 507 3 308
730 1.1779386855235809 -14.320504509404893 60.00899751605963 0 0 0 1.354614429040508 6 434 3 306 9 505
729 26.529824673755396 2.7501546362971294 57.27796494038158 0 0 0 1.3072986442570329 6 340 3 305 8 316 9 712
728 7.6778898992298661 -13.688278629412578 67.736470521704163 0 0 0 0.29142045228859381 6 412 7 412 8 439 3 290
727 26.995486205860562 -6.6353880225496713 57.0107014442561 0 0 0 1.4341107991376338 5 619 6 260 8 286 3 288
726 -1.7322022530490868 40.827161574787389 92.533474141198013 0 0 0 0.78559516707709365 5 211 7 229 3 287 9 346 10 324
725 2.5293990949538898 -29.687325520973175 148.05331974170969 0 0 0 0.16750100064214632 5 390 6 414 8 437 3 286
724 -8.3025286880581106 41.793978336341048 92.333399587122912 0 0 0 0.51828290598585891 8 201 3 280 9 461 10 271
723 -24.218463473484661 17.33752560427881 40.055842800936553 0 0 0 0.43623246859102716 6 283 8 363 3 273 5 376 7 395
722 21.095298411379005 19.287153245157931 47.829309542298354 0 0 0 0.40952724007883201 6 210 7 218 8 192 3 272 9 294
721 -8.9370278397159435 40.516861388788968 120.07950743834243 0 0 0 0.52382724276948467 5 239 6 214 8 228 3 270 9 246 10 314
720 -18.174255502866696 15.740020084524948 36.363898255588019 0 0 0 0.48179938169368769 5 373 6 215 7 191 8 362 3 269
718 -14.178570899328012 28.073536533506687 140.59455545138312 0 0 0 0.36821630025236951 6 360 7 363 8 217 3 259 9 286 10 299
717 22.465734545548266 8.9007056066206243 48.490959133230184 0 0 0 0.14502188533247728 7 162 3 256
716 -7.0764632450020404 7.869612423439059 48.34570285809864 0 0 0 0.53349870763479879 7 242 3 255 5 223 8 213 9 114
715 1.8550246880104619 9.9936857261290317 239.55233809363457 0 0 0 1.0266662356232679 5 162 6 176 7 185 8 162 3 251 4 165 2 281 1 204 5 436 9 216 10 173
714 -12.889684359178707 23.992648745950955 114.57234590563029 0 0 0 1.5080573275421727 6 238 7 246 3 248 5 227 10 182 9 69
713 2.91094059674912 42.167365913956779 99.949249616420033 0 0 0 0.71153750191694265 7 224 3 233 10 263
712 -11.408005629188294 40.535056518354402 103.00134448837889 0 0 0 0.59543419341507364 5 203 6 208 7 337 8 190 3 227 4 141 9 163 10 260
711 -7.6157557710921182 -31.006256295328772 122.51788690906076 0 0 0 0.63836799133247701 6 187 8 165 3 214 7 198 9 212 10 229
710 4.1023613552511886 -13.283560406700479 61.60012394656566 0 0 0 2.2834186140987747 7 288 3 212
709 27.64567627558576 -8.8514005592769447 53.497724194014694 0 0 0 0.25050770785024745 7 199 3 208 4 342 9 428 10 317
708 -22.508474408261328 -10.046118360711246 36.877752841556479 0 0 0 1.7079975721262095 5 179 8 174 3 206
707 8.1411193125961017 3.4119295861491761 18.178001559022096 0 0 0 0.34118023815648613 6 235 3 199
706 3.1799372841719666 -29.633750871766047 153.35909007539016 0 0 0 0.58756566897105178 5 386 3 198
705 -1.832615298211302 -12.837347599295152 51.66655814117987 0 0 0 0.74851214772942642 7 186 3 195 6 188
704 29.477852091295283 2.6918285484016118 52.443739489258363 0 0 0 1.2024349605724189 5 169 7 163 8 156 3 190
703 23.596499859926716 -26.567880322050417 215.00905410171586 0 0 0 1.79546096020613 6 571 7 422 3 181 8 149 4 546 10 333
702 3.1220761904481531 -28.518703981919245 138.56174788045885 0 0 0 1.3887041024637601 5 260 7 305 8 282 3 174 4 494 6 365 10 235
701 27.293451897508017 -27.713962905375023 250.49198588778464 0 0 0 0.33243720512358799 5 342 3 169 2 210 4 347 1 248
700 2.1531398758315499 41.803740615826563 93.407628273453639 0 0 0 0.55171230116423042 6 155 7 152 8 306 3 167 4 145 9 159 10 158
699 -21.844512714298229 17.063939021911214 38.665594475153938 0 0 0 0.2813778794903351 5 212 6 139 7 228 8 188 3 166
698 5.4681891843909076 43.509318440103179 165.61823239233809 0 0 0 0.97098592671290385 7 248 8 107 3 162 8 220 4 665 9 78 10 113
697 -6.4921350288311199 41.570914008150019 101.83303102519724 0 0 0 0.45072474929533141 5 133 6 143 7 146 8 137 3 154 4 104 9 162
696 -7.061145691439342 41.253657415449915 92.597983371765778 0 0 0 0.20760443837745948 7 151 8 132 3 151
695 22.775622282646331 -29.353434910466635 212.20863341866101 0 0 0 0.84085607464137646 5 123 8 119 3 145 10 343
694 13.263406397005854 -27.966785717854226 136.7815789416978 0 0 0 0.48724441909623656 8 280 3 141 10 151
693 -13.118429350207093 -29.15698817772979 196.66956271343744 0 0 0 0.5170395468103528 5 194 6 159 3 140 2 55 10 130
692 7.724887888661419 -16.496042374523149 62.745111539127208 0 0 0 0.6239888358849669 6 370 3 134
691 9.4556268268018293 -12.586252128507086 66.734109233476957 0 0 0 0.18172045723199481 8 120 3 130 9 151
690 9.8648621310815088 16.531041594279209 161.41326418909549 0 0 0 0.87397744968829516 6 77 7 65 8 95 3 107 4 65 9 58 10 61
689 3.1975724827462799 42.791843967309241 91.102584935471086 0 0 0 0.84580269405508923 6 137 3 102 9 106 10 70 5 101 7 81 8 72
688 26.20345127315003 -10.650911200848968 55.432213395030658 0 0 0 0.40980125529704264 5 80 7 89 8 96 3 92 9 93 10 84
687 10.015193082820391 12.185983317518636 163.30262234181575 0 0 0 0.77882514149645143 5 88 6 78 8 87 3 85 9 86 10 90
686 -10.208821245557496 21.067829086314038 121.18711406403975 0 0 0 0.43555490356152066 5 70 6 67 7 63 8 64 3 82 9 76 10 79
685 5.8292365123535443 35.632882850219865 140.70928878390728 0 0 0 1.0565600536179314 7 529 3 79 9 97
684 -22.755915057472333 16.554420353807863 38.534291296325378 0 0 0 0.42070864749222869 6 72 7 76 8 67 3 75 5 74
683 -23.142882644156295 17.123572785853096 38.537783242029654 0 0 0 0.75234230911423383 6 71 8 69 3 74 7 77
682 -20.102898012355773 17.221211434030664 37.347917822125538 0 0 0 0.77976436487614131 5 71 8 71 3 73
681 6.546543806534185 42.524496148255558 89.08489265697095 0 0 0 0.38265157511254266 6 47 7 42 8 48 3 54 10 59
680 19.731728533881974 19.621856038998988 48.101643845227017 0 0 0 0.025014601475067146 5 43 8 47 3 48
679 -11.054505572283389 23.007512294618689 119.39993459180424 0 0 0 0.47908989915853201 5 58 6 48 3 42 9 53 10 51
678 -10.994364357821354 -32.420931053517847 129.82979726111191 0 0 0 0.34268865413890559 8 30 3 30 5 38 6 37 7 29
677 15.013727494044119 -29.018103681260325 152.06989724366102 0 0 0 0.67684781937799354 6 28 7 27 8 29 3 29 9 24 10 41
676 -8.4548498679207551 21.381507372536085 137.03188955548603 0 0 0 1.2910683249306754 6 16 7 20 8 8 3 27 9 12 10 16
675 -5.3265738489878531 -16.563081250191637 46.949169666144421 0 0 0 0.22602982307374456 5 22 3 24 6 38
674 9.2066817575667894 -13.763535899927877 66.2991603661862 0 0 0 0.46086271927108735 5 9 6 11 7 9 8 15 3 12 4 9 9 8 10 9
673 -12.380882075687664 -30.829339979407454 150.78882390769385 0 0 0 0.39599289925407211 5 18 6 12 7 10 8 13 3 11
672 27.631740398404471 -5.0522445314294053 54.382175094323976 0 0 0 1.4989595489251528 6 3 3 4 10 4
671 -3.9257021137548347 -16.702027472043717 57.704564338907922 0 0 0 1.5486572719091536 6 4 8 6 3 3 5 14 7 17
670 12.986580284118023 -16.480441374189194 117.79336456626844 0 0 0 0.65922200681043697 2 251 8 284 1 379 6 257 7 267 10 454
669 -1.1017288979058548 -15.283140143229984 51.875888697515144 0 0 0 0.55028326078875667 4 383 1 321
667 -13.074579606913463 41.550278963104162 106.55229189504135 0 0 0 2.0096030219424552 2 86 7 144 1 88 4 61 6 329 5 270 2 181 5 202 8 353 7 505 6 331
666 -23.19653229944393 4.4189905335398558 39.357569681451402 0 0 0 0.85872046167854887 7 457 2 433 1 298 5 231 7 127 8 322 6 229 3 131
665 30.030565561254154 -1.2621733375076221 51.652202613146152 0 0 0 2.8467195260547054 7 278 2 283 5 464 8 294 6 270 1 384 4 442 2 473 7 277 5 353 8 293 6 268 3 291 3 501 9 554 10 583 10 585
664 10.272574043240414 -13.898035797292913 64.080293890751804 0 0 0 1.4866530245228029 4 106 2 77 7 113 5 125 8 126 6 127 1 64 8 584 1 377 7 444 3 139 9 136
663 14.753930254876853 20.778059211945941 157.51362988834532 0 0 0 0.4992061422781921 7 462 8 416 1 493 5 510 6 530 3 661 10 658
662 -10.85611366851121 15.678210187098825 44.66033494521988 0 0 0 0.78023079630420977 8 530 1 490
661 -6.0522610993517922 15.68480296225807 99.093077210305594 0 0 0 1.5718742022757146 8 264 1 484 4 11
660 6.1515110835940234 42.235870198656158 100.12688237035061 0 0 0 0.78551891554043929 7 393 8 481 1 477 6 461 9 705
659 -9.9951753376268293 40.893655094303817 100.57568991461503 0 0 0 0.64448258191963936 4 598 7 575 1 473 6 597
658 30.102555020361493 6.9115648731979213 51.077172633832738 0 0 0 1.2796735709385447 7 461 1 459 5 539 6 529 8 422 6 526 3 529 9 676
657 6.8064554018346604 28.444532302957935 124.32301613134221 0 0 0 0.53518457773016237 4 403 7 190 8 259 1 451 5 408 6 240
655 8.2059346178482642 31.460831258765463 119.88686737778345 0 0 0 0.6018935314735272 4 664 7 531 1 444 3 670 9 464 10 652
654 -8.7464860324980336 15.107411584552745 44.54912622194626 0 0 0 0.9014565622873566 2 382 4 357 1 436
653 5.8392616447647567 41.349644429653893 104.98979257973934 0 0 0 0.46217178073658294 8 499 1 433 5 604 6 332
652 29.092614721144464 7.1241957733303076 52.281015057595297 0 0 0 0.31588140938362336 7 460 8 517 1 430 3 528 9 673 10 630
651 1.5702570437759842 30.792143511827835 160.8694248715334 0 0 0 1.5996090264256413 8 216 5 529 8 550 6 542 4 629 3 260 2 431 9 611 10 396
649 -3.280596946892866 40.936599186220683 108.4300873573481 0 0 0 0.96045235748826963 4 566 7 499 1 423 5 493 9 761 10 734
648 31.805119501449404 6.7206072400969941 50.706501642721548 0 0 0 0.15951633374234284 8 421 1 420 5 505
647 13.257861231942826 21.544885409833341 167.11674920831803 0 0 0 1.8031789740956243 7 600 8 424 1 401 6 527 3 386 9 302 10 659
646 30.883066644122373 -0.70408615974454547 51.447184353504923 0 0 0 0.64469005216595399 4 447 7 478 1 389
471 16.831534540499536 21.164383112572789 172.90985892866271 0 0 0 1.4736153474790177 7 164 2 417 4 455 5 511 7 458 6 354 3 609 9 597
455 0.31338365908531557 41.407694326161639 102.00154604701945 0 0 0 0.39884977757612983 7 342 2 286 5 277 8 355 6 346 1 279 3 367 9 706 10 412
449 -9.2520919185164914 15.363533023348047 44.729623796120769 0 0 0 1.4407542883188995 7 322 2 232 9 332
425 8.5171900615189795 42.531732962154045 106.38447573577253 0 0 0 0.30819752352806662 4 608 2 467 7 511 8 493 6 593
421 6.9009948867244271 42.267931702877476 96.969619359618292 0 0 0 0.29719391049497301 4 620 2 450 7 557 5 554 8 524 6 559 1 165 3 629 9 699 10 720
420 -10.831417182056841 41.269945605940514 102.36063503628243 0 0 0 0.62680478760011071 4 371 2 446 7 513 5 581 8 490
419 3.9807883010274425 41.302356488622898 99.230500157010383 0 0 0 0.41129350380746416 4 593 2 441 7 346 8 483 6 602
418 8.6078499325105309 42.021142250317325 101.03807767797241 0 0 0 0.32590398405317805 4 361 2 440 7 580 5 576 8 484 6 601 3 619
416 8.8133913068348075 42.044232885857248 103.79643125627528 0 0 0 0.52572997618476824 4 600 2 436 7 341 5 585 8 489 6 596 1 470 10 702
370 -0.60377285397102687 41.575438776368138 101.38625005790361 0 0 0 0.43868505774679772 4 246 2 182 7 344 5 274 8 356 6 275 1 475 3 363 9 343 10 261
361 10.822868463865454 41.626313648971148 128.825570604859 0 0 0 0.51891292645144771 4 369 2 129 7 253 5 245 8 347 6 132 1 103 3 97 9 243 10 310
360 -7.6234825608283572 40.773261468413814 124.99928081399401 0 0 0 0.43593387654590854 4 138 2 128 7 254 5 238 8 227 6 246 1 189 3 268 9 177 10 313
359 0.87633498288093448 41.13403641722963 117.1178763880088 0 0 0 0.41042408893903753 4 150 2 127 7 138 5 139 8 124 6 148 1 133 3 235 9 179 10 169
340 13.174806109442422 24.019544282700394 129.1050863456592 0 0 0 0.86034681816088288 4 50 2 45 7 60 5 53 8 49 6 39 1 47 3 47 9 47 10 50
352 1.8037808075447912 41.528744315036079 98.736034256608519 0 0 0 0.48963698173947473 4 143 2 90 7 148 5 131 8 134 6 142 1 90 3 342 9 161 10 157
374 9.6716690032678247 8.2361559915551705 166.67457008064761 0 0 0 0.52315608903693867 4 189 2 190 7 247 5 164 8 151 6 177 1 209 3 252 9 210 10 212
379 8.9469411904042797 41.742278741175951 105.43696064415893 0 0 0 0.3724200693963865 4 358 2 233 7 339 5 279 8 498 6 333 1 193 3 365 9 771
381 -12.71106941200757 19.978053924732716 111.16838277327611 0 0 0 1.2316299089239531 4 272 2 255 5 522 8 262 1 296
382 10.611204313125278 29.350371304292576 130.84819148405595 0 0 0 0.69586866070415809 4 420 2 256 7 364 5 523 8 260 6 362 1 301 3 262 9 754 10 394
383 2.7366407111393345 42.368062110490314 159.66660627145205 0 0 0 1.2162028896323538 4 406 2 258 7 159 5 146 5 333 8 254 6 136 1 305 3 94 3 572 6 487 9 292 10 112 10 305
389 1.4902594335610324 41.590898914836217 108.22988790066836 0 0 0 0.34112053199372394 4 359 2 292 7 332 5 285 8 351 6 328 1 271 3 546 9 770 10 407
390 -0.085158761697921526 41.31467746076175 108.14571616402651 0 0 0 0.25963394611435109 4 360 2 296 7 316 8 342 6 584 3 544 9 769 10 708
391 5.509444890941845 41.916309459305438 101.87262894834977 0 0 0 0.43007463925840772 4 596 2 297 7 319 5 588 8 486 6 605 1 283 3 618 9 707 10 410
415 -1.1706380362804092 41.493028735993605 97.082595838545899 0 0 0 0.32290304708711859 4 618 2 435 7 588 1 467
252 -3.0724783294861679 -16.039395889681899 68.045896094302549 0 0 0 0.66581187613603554 4 1 2 2 1 2
589 29.217153753313575 -3.2409410937207159 52.17868651891358 0 0 0 0.28914667238007574 4 663 5 453 8 518 9 377
253 20.987363099266808 15.286229489457421 47.847271310939043 0 0 0 0.78096279390203382 4 4 5 243 8 4 8 225 1 280 3 395 9 755
590 -22.569772196412632 7.0321021986231882 36.832479240324005 0 0 0 0.97366225217028735 2 260 8 551 1 307
254 26.416436915972021 20.599270353474793 55.726883136241838 0 0 0 1.2621851468894947 2 12 5 13 7 16 8 10 1 11 3 16 9 10 10 13 6 7
255 26.758666947371811 -6.588290296179566 54.24417673211456 0 0 0 0.97410015119422722 4 21 2 15 7 12 5 11 8 14 6 10 1 16 3 14 9 16 10 21
256 28.373415864823599 -9.5860019346058216 53.364339053948626 0 0 0 0.43945301793428593 4 20 2 16 7 11 5 10 8 12 6 13 1 10 3 17 9 11 10 14
257 26.714117726355344 -12.21248609182642 53.780861848213014 0 0 0 0.82317848634800828 4 19 2 17 7 13 5 12 8 16 6 15 1 21 3 18 9 17 10 22
258 12.483059975835381 -15.206539798120749 60.400952637354436 0 0 0 1.618521044465546 4 15 2 18 1 22
595 -18.075443562285116 -32.026783587180375 173.77471236320272 0 0 0 1.5150956674248859 2 229 7 204 6 121 3 175 4 326
259 26.870399944554912 15.831394583855397 56.680518052628969 0 0 0 1.2203658563975046 4 16 2 19 7 21 5 17 6 19 1 18 3 21 9 26 3 25 10 31
260 20.811416482856426 17.487534598597858 49.196467786480504 0 0 0 0.73871528351244931 4 24 2 21 7 22 5 21 8 20 6 20 1 17 10 32
597 4.5165078108550931 -12.689001627786606 46.532700226189547 0 0 0 1.5887668886697834 2 240 5 173 8 450 6 184 7 433 1 317
261 -5.440820799073169 -16.481257578416983 45.859783594646274 0 0 0 1.3156262255640396 4 70 2 51 7 70 8 50 6 57 1 41 4 39
599 26.471962933717577 4.4181534332799561 53.690556150159551 0 0 0 0.14431625245247068 2 197 6 227 1 215
264 25.973204281297743 -9.8527982513422074 54.881280936633729 0 0 0 0.3827192787555721 4 86 2 63 7 68 5 65 8 59 6 61 1 54 3 65 9 92 10 99
601 27.795363092252213 -9.6962055519699177 53.570396699246444 0 0 0 0.12979472681400037 2 218 6 249 1 329
604 -22.298873277226033 6.0261802615372506 38.465891691190969 0 0 0 1.4007198347762573 5 534 7 410 6 535 3 628
268 21.710851172939396 -13.200714033928403 46.842857679473482 0 0 0 0.50525207285038376 4 134 2 91 7 85 5 103 8 101 6 76 1 95 3 109 9 134 10 141
269 11.170034591275369 -16.936149287817734 66.640831441328871 0 0 0 1.0664198753583787 4 135 2 94 8 102 7 294 3 211 9 224
270 -5.1022671394853463 -17.838640839727255 48.236997835887266 0 0 0 1.0032878532358505 4 71 2 95
607 -11.057650883083141 42.208658308298787 101.79174184013391 0 0 0 1.3684206836182295 2 323 7 361 6 603 1 285
271 11.147679212162524 -15.867515362697427 65.438009817300269 0 0 0 0.41875851373169859 4 132 2 103 7 132 5 126 8 103 6 118 1 118 3 135 9 225 10 142
608 24.823306700010065 16.049819660140695 54.080294769505407 0 0 0 1.5042828960626204 4 59 5 78 8 65 6 93 4 659 7 251 5 253 8 251 1 440 3 67 9 63 9 219 10 117
272 -4.9827904014853122 -14.863517146214603 49.134240864027269 0 0 0 0.86104429600680599 4 82 2 106 8 99
609 8.5510781574994628 42.991599804113797 110.82047114829271 0 0 0 1.2855898879685259 2 412 4 560 5 567 8 573 6 588 4 80 2 65 7 160 5 77 8 66 3 71 9 79 9 341 10 109 10 715
610 19.569916317248047 16.613668529837806 47.896875853848229 0 0 0 2.5555145764762019 4 153 2 122 7 137 8 112 6 318 4 585 8 343 1 124 1 276 3 96 3 338 9 547 10 184 10 620
274 9.2942253900189904 -13.848528262774462 65.94868294628661 0 0 0 0.24877545851608526 4 84 2 112 7 88 5 107 8 104 6 88 1 117 3 78
611 9.4082965030932719 -13.929144471738496 62.754643159509314 0 0 0 1.4179336267635989 7 442 2 337 6 294 7 301 2 348 5 370 1 342 3 325 9 410
275 20.00359271942483 19.43267517539801 50.077679787845597 0 0 0 1.7065866560684189 4 237 2 118 7 215 5 204 6 156 1 132 3 159 9 334
612 2.5538896123679828 6.5250387857680447 222.95126047905049 0 0 0 1.3292818611546242 2 22 5 26 7 25 8 27 6 27 1 20 3 36 9 40 10 29
277 21.361021627740783 16.03426885438914 47.897051071010928 0 0 0 0.40808660794546964 4 155 2 123 7 136 5 141 8 106 6 146 1 126 9 173 3 112 10 183
278 27.696879859587739 8.6734220472918384 52.698781111591558 0 0 0 0.25026547404632538 4 151 2 134 8 110 6 119
615 10.635528488965639 -22.601537754714737 174.1428120389952 0 0 0 1.6815399589053073 8 17 1 30 4 544 2 350
279 -4.355603410761888 -17.283865801105637 48.224041296636926 0 0 0 1.3452758193212051 4 505 2 139 7 409 8 317 6 619 1 400 3 385
616 10.849004022331446 3.6857176792595236 159.66242959148266 0 0 0 1.1474933200267281 4 37 7 31 8 31 1 48 5 36 6 35 9 37
280 28.736296594119828 -8.3598006278792116 52.579234016274619 0 0 0 0.22174075167464843 4 216 2 140 7 169 5 184 8 186 6 200 1 148 3 171 9 236 10 224
617 -11.936049462990903 20.305449808710669 117.36101190758241 0 0 0 1.0558858774183415 4 33 7 52 8 43 1 50 6 55 3 55
281 -7.7689939868181837 16.342987046101314 48.119433802749441 0 0 0 0.79664887906704152 4 139 2 156 7 256 5 296 8 168 6 485 8 534 1 273 3 264 9 181 10 118
618 -1.4640199687369568 19.888800287976611 154.03026299363663 0 0 0 1.2638650279629966 4 53 7 128 8 55 1 62 5 68 6 231 6 64 8 233 9 57 10 86
282 -4.1527745620192462 -14.850881159028164 49.170242192715655 0 0 0 1.1626025241133249 4 204 2 159 7 194 1 322
283 28.337936278413043 -9.6790401695332005 53.149808817473485 0 0 0 0.14467580102252245 4 338 2 165 7 314 5 329 8 266 6 193 1 179 3 336 10 330
620 7.5554157923400052 -14.125927610791695 71.790653009660346 0 0 0 1.3824362314779424 2 54 4 43 1 77 5 37
284 28.102754380566118 -9.2530572493059022 53.135202636094199 0 0 0 0.21891328351238801 4 215 2 166 7 206 5 186 8 182 6 194 1 171 3 217 9 234 10 326
621 1.8431049798860064 41.326646113631654 152.458141979338 0 0 0 0.77214317585445502 2 64 4 78 7 106 1 80 9 77
285 26.44368527505803 -9.3399562386463266 54.611182363540323 0 0 0 0.25827295653194626 4 213 2 167 7 208 5 189 8 184 6 196 1 142 3 219 9 235 10 217
286 28.121632162005138 -8.8227864409694359 53.124858660745417 0 0 0 0.20853723330274301 4 343 2 169 7 174 5 192 8 185 6 199 1 144 3 197 9 427 10 322
623 -15.697971135499861 -19.966136133609265 179.87727661304476 0 0 0 0.8923675967124608 4 44 8 82 1 116
287 28.821659004485888 -8.8313462075417846 52.889974362610509 0 0 0 2.2150051559512831 4 344 2 170 5 191 5 336 8 270 6 197 6 198 1 145 1 146 3 220 10 198 10 323
624 3.5671036881747988 -17.075308547755103 57.823705024884255 0 0 0 1.8263143104739039 8 452 1 120 6 420 5 360 10 119
288 29.070308496184868 -9.6107155024668049 52.31202657860505 0 0 0 0.25518741987248272 4 339 2 207 7 313 5 328 8 276 6 263 1 245 3 334 9 432 10 331
625 0.41008156452806377 -16.627138344763335 53.482642128867433 0 0 0 0.69107289499684521 4 168 1 169
289 26.379236840925035 -9.7638794398753745 54.572440843321587 0 0 0 0.2427658996875835 4 540 2 208 7 417 5 332 8 272 6 572 1 246 3 441 9 449 10 495
626 3.8009878736101577 -16.826576269044242 58.752862950845469 0 0 0 1.5522359180648291 7 427 1 172 9 111 3 111
290 27.339750768440005 -9.7094006813222915 53.792054027954251 0 0 0 0.20774142483179142 4 541 2 209 7 274 5 331 8 273 6 250 1 247 3 276 9 431 10 494
627 -16.625498795593678 -30.489573213134371 171.28213653570262 0 0 0 1.7956986079347905 4 207 7 209 1 173 5 185 6 195 3 176 9 143 10 152
291 29.165898035923298 -9.1882696611626837 52.216479746792217 0 0 0 0.24969649903726449 4 341 2 212 7 260 5 334 8 271 6 251 1 249 3 278 9 429 10 692
628 -17.970514782915796 -29.489355106671766 190.13195122421286 0 0 0 0.66264304431956733 7 116 8 177 1 175 5 190 6 157 3 179
293 26.47211398466013 -8.9072591472227867 54.515940985142343 0 0 0 0.26859673701888809 4 345 2 214 7 263 5 337 8 268 6 254 1 250 3 283 9 425 10 349
294 27.138239220160393 -8.8739658501616585 53.941265020795775 0 0 0 0.23247550452244359 4 346 2 216 7 261 5 339 8 269 6 253 1 143 3 282 9 417 10 318
631 -5.7357702195430686 41.192289087055812 96.386274941739998 0 0 0 0.65613825792010561 4 251 1 200 5 272 7 396 8 198 6 282 3 369 9 344 10 338
295 26.319628813785624 -8.521143335504906 54.57456060893832 0 0 0 0.26229653272095083 4 538 2 217 7 265 5 326 8 275 6 256 1 253 3 284 9 451 10 560
632 27.775786844701354 3.8207341730650217 59.953602308187854 0 0 0 1.4559446955766904 2 416 7 354 1 236 5 559 8 371 3 372 10 554
296 31.03314173973445 -3.5223815731205055 66.112203377448452 0 0 0 0.5896964697093231 4 547 2 224 1 261
633 25.684931199656496 4.147635993047663 55.51161925059052 0 0 0 0.10208354638226051 8 238 1 237 5 318
634 25.528855238050809 -20.776275986693513 228.34311364904116 0 0 0 1.5271962567476405 4 350 1 252 3 654 9 371 10 340
298 -4.4665387819995503 -15.252517171987192 48.771989148267302 0 0 0 0.57828052454349743 4 202 2 234 7 193 5 251 8 172 6 182 1 170 3 205
635 -4.5404370761253308 20.137498525132912 120.31097720325572 0 0 0 1.463971148783481 7 362 1 294 4 641 6 538 3 672 9 628 10 604
299 -2.9984626336759881 -15.446931361442399 50.047768258548111 0 0 0 1.377408493692694 2 235 5 406 1 161
636 0.08169165672749 -15.350081302769601 53.832795841503803 0 0 0 0.35163767816082281 8 373 1 320
300 2.7109360366865296 -15.206947765733414 56.752827347380752 0 0 0 1.5430523750653922 4 519 2 238 7 291 5 411 8 449 1 318
638 -4.2450936691480088 -15.584463332510634 49.048869116972831 0 0 0 0.60786728055793593 8 453 1 324 6 287 5 249
302 26.420151889995015 -10.805942539752266 54.420365782406435 0 0 0 0.27319868429887828 4 322 2 244 7 306 5 264 8 281 6 298 1 339 3 215 9 405 10 378
639 -12.858337126015224 39.601738827058313 98.476114850935318 0 0 0 1.3710914819199935 7 510 1 338 5 385 4 476 3 553 9 704 10 239
303 29.147028673542756 -9.9885021638379392 52.233436047332958 0 0 0 0.29189291801614325 4 320 2 247 7 203 5 172 8 179 6 179 1 162 3 216 9 409 10 380
640 13.867169399634838 -14.043889796152763 59.067084702938267 0 0 0 0.96280135776705467 7 386 1 363 6 435 3 602
304 26.413397618599035 -10.149122869219291 54.522232538564431 0 0 0 0.29626756213351146 4 328 2 249 7 310 5 284 8 166 6 304 1 335 3 196 9 213 10 342
641 1.6832087496898818 -16.614862643730291 55.085355340406309 0 0 0 1.5062785122991633 8 173 1 367 6 368 5 566 3 313 10 506
305 30.489013835393784 12.790808990310778 51.256516449021646 0 0 0 0.53227392051458988 4 674 2 252 7 367 5 350 8 255 6 380 1 309 3 389 9 631 10 602
642 1.2751440170129058 -15.388992963207768 55.394889806749291 0 0 0 1.4117954785592282 4 332 7 431 1 368 3 316 9 323
306 28.826669007462705 8.9700228722179922 52.281148086490639 0 0 0 0.24877194981087339 4 577 2 257 7 518 5 530 8 552 6 539 1 302 3 573
643 -17.223597159141963 -30.801155397410799 181.15238185649019 0 0 0 0.66495081927219102 7 420 1 374 5 391 6 417 3 289
307 18.485487954811735 13.454547596942378 42.788198384919269 0 0 0 1.3832729612938059 4 414 2 259 7 317 8 250 1 488 3 393
308 11.590855484532318 3.6166656571938836 25.579293513287475 0 0 0 1.6664067789863366 4 421 2 262
645 -9.8277141431778343 8.5421580888975761 184.62371796054109 0 0 0 1.3776344512495835 2 362 8 417 1 387 5 438
310 22.458107663654811 16.684034027252896 49.506877673790846 0 0 0 1.056653975195635 4 416 2 280 5 207 7 593 8 533 9 745
311 25.999468194072595 -0.70726450036826827 54.928927488784389 0 0 0 0.89759658472874027 4 448 2 288 7 389 8 296 1 385 3 296
312 25.993847957551772 1.2142327356977611 55.118955618948753 0 0 0 1.0597768355578321 4 485 2 319 7 285 5 150 8 480 6 168 1 100 3 186
313 30.24908660370501 0.3282061388635335 51.322997487313337 0 0 0 0.45869116285518835 4 435 2 336 6 274 3 479
314 -4.3514741478957104 -16.503562123798936 46.819168375435432 0 0 0 1.1699947270421389 4 506 2 339 7 592 5 403 6 286 1 52 4 41
315 26.342752663792606 -1.8578127678564085 54.107915030398324 0 0 0 0.16932017960178466 4 441 2 355 7 471 5 461 8 462 1 225
316 27.973983070609485 7.5120456075449402 52.811133465041806 0 0 0 0.36686066252374366 4 459 2 402 7 360 5 538 6 356 3 584 9 671
317 28.598963864834744 6.7450960657974077 52.825965814647184 0 0 0 0.51215465104046964 4 456 2 429 7 358 5 611 8 221 10 418
319 30.053255246282649 0.25492230626645435 51.584825549749304 0 0 0 0.19730753272826507 4 434 2 456 7 483 5 427 8 399 6 482 1 397 3 478 9 582
320 -10.056659886908923 16.039095400443873 46.068782927849668 0 0 0 2.1895228562312843 4 355 2 472 8 345 1 194 1 281
322 -3.7814364909061324 -15.340262856150257 48.760911187348228 0 0 0 0.41916643174089074 4 510 2 477 5 250 6 573
323 6.1399080328931239 43.11324248019929 110.19422894832532 0 0 0 0.73009031620176712 4 5 2 8 7 3 5 4 8 3 6 6 1 7 3 13 9 6 10 8
324 -9.9957127133810246 24.889875893044032 117.15105989996476 0 0 0 0.91980885392910894 4 6 2 10 7 6 5 7 8 5 6 8 1 9 3 8
326 14.140337523140818 16.108451911320106 161.30595900251947 0 0 0 0.43947733774318626 4 10 2 20 7 19 5 19 8 18 6 17 1 15 3 23 9 18 10 19
327 3.4476869185418662 41.095693492163079 139.18521839400461 0 0 0 0.65792909730146598 4 31 2 23 7 37 5 39 8 35 6 32 1 26 3 51 9 30 10 35
328 0.52086432911461911 40.867421578701389 123.61231953044538 0 0 0 0.44779949977442179 4 27 2 24 7 23 5 29 8 23 6 23 1 25 3 39 9 27 10 25
330 6.2953933003101756 30.913320097779149 139.18129308513582 0 0 0 1.3760474903949012 4 32 2 26 7 35 5 55 6 24 9 81
331 -8.831312205031665 5.5962099850976861 141.64111049413341 0 0 0 1.1558781645037293 4 17 2 27 7 24 5 28 8 25 6 22 1 23 3 28 9 9 10 20
332 15.292758907693848 8.2979518511248145 168.50577829589946 0 0 0 1.1113680729859479 4 35 2 32 7 49 5 35 6 43 1 39 3 35 9 36
335 -0.50881463889054612 23.803926348952732 128.32486198161561 0 0 0 0.48259078545815226 4 25 2 35 7 28 5 24 8 24 6 29 1 37 3 26 9 25 10 30
336 -0.88646793504333876 39.633449369013924 144.61542141943909 0 0 0 0.41946208539660812 4 26 2 36 7 36 5 32 8 34 6 31 1 32 3 32 9 31 10 37
337 10.952519310357628 38.505334768452023 119.9432435895185 0 0 0 0.64111049876049919 4 30 2 38 7 38 5 30 8 36 6 30 1 35 3 31 9 29 10 34
338 13.086300195619593 21.689108435626189 148.21711640785364 0 0 0 0.3084293161406963 4 49 2 41 7 51 5 52 8 42 6 40 1 33 3 56 9 56 10 82
339 13.764934440592732 11.319726214750846 151.05868327039497 0 0 0 0.42034724797204026 4 47 2 44 7 50 5 51 8 37 6 41 1 49 3 60 9 61 10 62
341 11.059724049016539 28.01007502343354 110.65460151270311 0 0 0 0.93293920136608732 4 54 2 46 7 54 5 56 8 44 6 50 1 43 3 52 9 736
342 8.0906275753300072 41.216379067982913 120.87865098090627 0 0 0 0.44597698237055827 4 57 2 47 7 57 5 57 8 45 6 54 1 51 3 49 9 50 10 58
343 -3.7600066131030623 38.145063531320275 145.39596782645967 0 0 0 0.45176551589085423 4 56 2 62 7 73 5 69 8 51 6 73 1 61 3 77 10 54
346 12.920206593235994 10.489644508208544 167.35828832709359 0 0 0 0.5444287587008404 4 93 2 79 7 125 5 115 8 114 6 123 3 122 9 127 10 91
347 11.609027962119153 23.843566520277498 143.1088088505021 0 0 0 0.67169833852848992 4 74 2 80 7 71 5 60 8 63 6 56 1 63 3 76 9 55 10 80
348 -6.5419223166024514 40.890939296063806 108.55175090874135 0 0 0 0.2835536483218758 4 102 2 85 7 142 5 136 8 135 6 154 1 87 3 156 9 129 10 133
349 -8.0011007628745165 40.600891756046309 102.66726205751105 0 0 0 0.58046253277155291 4 245 2 87 7 217 5 96 8 191 6 95 1 101 3 114 9 101 10 96
350 -2.6987218832631505 41.547611381548045 104.21409138537338 0 0 0 0.26384748665330665 4 107 2 88 7 86 5 97 8 83 6 96 1 89 3 99 9 100 10 103
351 -9.3679413837403889 41.211737228735757 100.44968750765482 0 0 0 0.56006634083706275 4 105 2 89 7 108 5 145 8 136 6 97 3 115 9 102 10 107
354 -2.1500295640681748 41.177373912144354 111.08206638518323 0 0 0 0.29652998771056593 4 162 2 115 7 141 5 137 8 139 6 153 1 128 3 224 9 152 10 164
355 6.7791062110994771 40.491357525519817 100.53205286882738 0 0 0 1.6000235004460091 4 140 2 121 7 220 5 206 8 367 6 211 1 195 3 229 3 552 9 252 9 552 10 258
356 5.1986416612741335 42.16542108483511 110.12192559170765 0 0 0 0.82833760581261229 4 362 2 124 7 105 7 330 5 286 8 138 6 145 1 127 3 155 9 165 10 163
357 3.5451133787164326 41.696413716763409 113.82318572715577 0 0 0 0.38664971864028191 4 100 2 125 7 140 5 138 8 140 6 152 3 157 9 166 10 166
358 -1.6210526674544163 41.210875909338036 116.30856645052459 0 0 0 0.35773180517394454 4 149 2 126 7 139 5 148 8 229 6 149 1 131 3 164 9 180 10 167
362 1.3353315691778538 41.259183716423685 129.54174142858307 0 0 0 0.59832541591196786 4 233 2 130 7 135 5 143 8 145 6 244 1 187 3 345 9 176 10 311
363 -4.3695067044216254 41.103484921821 105.25623671651813 0 0 0 0.46488728501959375 4 242 2 171 7 216 5 201 8 189 6 207 1 192 3 226 9 251 10 257
364 10.330019895291352 30.708674503560975 117.9694946453448 0 0 0 0.43228984021843969 4 241 2 172 7 368 5 219 6 322 1 185 3 396 9 363 10 623
365 11.297343712592586 40.779563351565827 138.98595466302862 0 0 0 0.39843930953831375 4 156 2 173 7 250 5 258 8 224 6 312 1 141 3 341 9 175 10 307
366 -5.5908660143180793 40.814617911366334 127.66813740623171 0 0 0 0.44482226568510452 4 152 2 175 7 252 5 236 8 226 6 245 1 188 3 346 9 337 10 185
367 7.6286000567699892 42.00702862834995 116.65643963103952 0 0 0 0.2989202579365231 4 236 2 177 7 223 5 294 8 337 6 324 9 248 10 404
368 0.66088621105533629 41.451386793452642 112.72794517979585 0 0 0 0.39504305934011719 4 148 2 178 7 212 5 199 8 230 6 204 1 121 3 222 9 249 10 315
369 -4.2913395464273076 40.872433645935516 107.23889231012176 0 0 0 0.26175175282509811 4 226 2 179 7 213 5 200 8 231 6 205 1 181 3 361 9 250 10 255
371 -6.2931188441054129 41.173243076522446 97.872028463811091 0 0 0 0.50221801989915227 4 249 2 184 7 211 5 208 8 364 6 202 1 198 3 232 9 257 10 265
372 -7.2289635601158988 41.453731287840178 97.338132246639816 0 0 0 0.62172539361682722 4 252 2 185 7 225 5 210 8 197 6 216 1 286 3 394 10 266
373 -7.8285595979278959 40.897976040206693 93.239833298474792 0 0 0 0.62894602832837387 4 253 2 187 5 552 8 523 6 548 1 290 9 347 10 355
375 13.194371130070037 8.5649834710317556 166.6079540424486 0 0 0 0.62445652276506947 4 191 2 191 7 236 5 166 8 150 6 178 1 210 3 253 9 211 10 215
377 10.080734173129612 21.763976045235164 140.05693555444145 0 0 0 0.49250692780582944 4 265 2 199 7 243 5 221 8 214 6 234 1 218 3 258 9 278 10 189
384 -6.0153574534730367 40.144243141510501 117.46913929998183 0 0 0 0.55844091181992161 4 235 2 266 7 257 5 241 8 333 6 203 3 271 9 330 10 403
385 -13.494759178844291 40.160940205980197 109.46909549917298 0 0 0 0.49860861565146386 4 240 2 270 5 289 8 336 1 312 3 354 9 767
386 9.6611585303933225 41.490680777630793 112.33060281231883 0 0 0 0.26786695269514282 4 363 2 271 7 328 5 288 8 335 6 325 1 314 3 355
387 0.88132429127194134 41.049714614468051 108.33945088013111 0 0 0 0.87326519584679563 4 352 2 274 7 329 5 491 8 334 6 327 1 425 3 525 9 764
392 -16.690251756162976 49.174229950624046 135.95671613744628 0 0 0 1.927395754193344 4 238 2 301 7 498 6 511 6 512 1 438
394 -6.1774727693622919 41.514173539678744 94.113585697167224 0 0 0 0.57432324571112303 4 254 2 311 7 392 5 362 8 310 6 217 1 291 3 644 9 460 10 356
395 5.0056804845975869 42.082965819366699 99.194074852056474 0 0 0 0.52989059487505319 4 590 2 314 7 586 5 600 8 365 6 599 1 480 10 743
396 1.2065395629756501 41.71400569585095 96.912252276753719 0 0 0 1.4009253335408161 4 619 2 316 7 397 5 593 8 92 7 109 6 100 6 563 1 91 1 327 3 100 3 625 9 684 10 523
397 5.4655442291183816 42.255001411432993 98.494166661163362 0 0 0 0.51770643570828179 4 248 2 317 7 399 5 594 8 313 6 281 9 702
399 -10.675063870340681 41.231863521662795 98.260583845440905 0 0 0 0.5937666225826167 4 373 2 370 7 582 5 601 8 482 6 440 3 620 10 725
400 3.3763606680973366 30.598592143640865 124.26888360821405 0 0 0 0.9292191808071093 4 158 2 394 7 156 5 108 8 108 6 113 1 303 3 81 9 96 10 116
401 -14.481935129299545 38.175123755275813 131.21891334575702 0 0 0 1.3036404848980798 2 398 7 539 4 580 5 482 8 320 6 386 1 458 3 340
402 9.4096153542847087 41.231337330694842 138.28375513006614 0 0 0 0.37623086006667178 4 615 2 400 7 540 5 480 6 493 1 442 3 583 9 777 10 384
404 4.4051238401416066 42.39300160665826 114.4733257948206 0 0 0 0.87580027622356815 4 558 2 407 7 613 8 557 6 513 10 691 3 658
406 3.9657937029225034 41.593826010329074 108.18421909734265 0 0 0 0.67549537014806182 4 555 2 410 7 487 5 488 6 585 1 427 3 548
407 6.0224507157551121 41.963100611245778 109.10256871833349 0 0 0 0.47492219054898893 4 562 2 411 5 487 8 571 6 586 1 272 9 763 10 716
412 -14.928196468814113 30.388221301871042 159.09305800873256 0 0 0 1.2596784599283031 4 627 2 430 7 244 5 224 4 274 8 215 6 236 1 479
417 3.5004207488717767 42.12190015553265 102.12534240029164 0 0 0 0.3947648774009514 4 370 2 439 7 365 8 358 6 265 1 456 3 350 9 426 10 707
427 -9.9184098378102785 40.612742748022214 105.19218630100659 0 0 0 0.52661058847375797 4 243 2 486 7 333 5 283 8 352 6 587 3 547 9 709 10 409
428 -4.3227595383277579 32.970839677465356 117.78569118883985 0 0 0 0.65390011858956676 7 0 2 0 5 0 8 0 6 0 1 0 3 0
429 -13.128903843103142 18.365726205655843 65.226394942658345 0 0 0 1.4114727630048203 7 1 2 3 5 1 8 1 6 1 1 3
430 -1.1660486101032685 17.03241683242025 130.81942762176817 0 0 0 1.138670204105211 7 2 2 6 5 2 8 2 6 2 1 5 3 2 10 2
431 3.7327319175488012 20.856353326379153 144.75599280874076 0 0 0 0.79388646552643904 7 14 2 9 8 11 1 8 3 22 9 15 10 10
433 29.866434173169456 -9.8020126777721792 52.425621490667162 0 0 0 0.21344643826416432 7 69 2 56 8 58 1 53
434 -15.567799612645526 -29.263375223672046 174.38291387461911 0 0 0 0.94395472140355441 7 90 2 76 5 81 8 97 6 87 1 78 3 61 10 490
435 10.438211793255132 23.954420821435253 114.98427247624666 0 0 0 0.45079398008129373 7 82 2 81 5 93 6 90 1 79 9 172 10 296
436 -13.530144143172722 39.737422459630523 112.97305917840055 0 0 0 0.29116083935940978 7 165 2 84 5 140 8 125 6 147 1 86 3 158
437 12.880777737569195 13.998658500939181 168.0052917351654 0 0 0 1.0539611509514972 7 101 2 100 4 698 5 89 1 107 9 85 10 89
438 7.4150979373850596 41.876129443464698 100.94434250417368 0 0 0 0.67941220438489602 7 147 2 119 4 244 5 132 8 141 1 129 3 231
439 -3.7785728480614429 40.854164963747166 100.65983304135678 0 0 0 0.46602854891863488 7 340 2 120 5 134 8 193 6 212 1 123 3 230 9 240 10 187
440 10.655326671472256 28.176590422594209 118.08099645451203 0 0 0 1.5682720736375395 7 72 2 133 8 218 5 230 7 527 6 74 6 107 1 136 10 459
441 26.924675791360965 -8.477734905797325 54.194648453707309 0 0 0 0.28889677244922463 7 166 2 146 5 160 8 187 6 191 3 172 9 238 10 240
444 10.181580269514699 29.876081225074433 125.51907395157387 0 0 0 0.27386107809293586 7 384 2 180 5 314 8 257
445 -12.116313673273387 38.789193974372211 92.568818934582879 0 0 0 0.67462425564930117 7 465 2 183 6 213 5 195
446 25.741465795526469 3.7885551286595813 54.909735076098222 0 0 0 0.6361883177975729 7 239 2 194 4 471 5 149 8 239 6 348 1 213 3 194 9 383 10 199
447 30.941240354696369 6.7822970483681759 50.806755291529861 0 0 0 0.41708024636037755 7 240 2 205 4 396 5 220 8 211 6 230 3 254 9 125 10 425
448 26.866247404648632 -8.9154818023428408 54.328510216831624 0 0 0 0.19973062738654396 7 262 2 215 5 338 8 267 6 255 1 251 3 281 10 319
450 7.9144441941861876 -13.559579340798846 66.403001980663731 0 0 0 0.33635256334189512 7 411 2 242 8 366 6 379 1 227 9 229 10 530
451 29.457169447127583 -10.153448407813171 52.011165385396751 0 0 0 0.43096050394889879 7 202 2 245 5 174 8 279 6 299 1 178 3 329 9 402
452 -12.350518582590032 43.624217487629615 153.09832172284507 0 0 0 1.5640598983763474 7 537 2 261 4 231 8 537 9 797
453 -5.7752921570711102 37.791765171957437 122.53044910314901 0 0 0 1.8770111940073881 7 318 2 265 4 584 5 616
456 -9.4306602127082702 25.092131068731621 74.100018365899842 0 0 0 0.64766127623090841 7 321 2 300 1 421
457 5.5663500291422308 41.777558292497012 119.61697388926575 0 0 0 1.3882154513502285 7 258 2 303 5 196 8 569 5 503 3 351 9 338
458 7.9292256555050544 35.983907658088128 87.01006337955252 0 0 0 1.5531131638173927 7 221 2 312 4 353 5 606 1 199
459 -3.0679929517494045 41.183076254082678 94.877195827969175 0 0 0 0.40450893720925618 7 542 2 318 5 363 8 526 6 562 3 627 9 691
461 20.099831523854665 -13.269552889120758 50.725151918487946 0 0 0 2.0877192510017384 7 436 2 344 1 333
462 10.518203451217319 -14.363664575956088 65.127962765477491 0 0 0 0.32825192885402837 7 443 2 347 6 296 1 343
464 27.612905787292103 -10.088788984568591 53.45356454028817 0 0 0 0.68036534831833528 7 309 2 351 5 268 8 40 6 303 1 380 3 333
465 30.177882122064837 -0.77684160776361089 53.248380887474234 0 0 0 1.5840592726302198 7 476 2 364 8 456 6 477 3 655 9 575
466 29.850668477065955 -0.32099753508526241 49.806465136738403 0 0 0 0.30379274470149831 7 481 2 369 6 480 1 396
467 -3.5143303487244819 40.822331918615582 118.16821480859228 0 0 0 0.38162072044284434 7 324 2 390 5 295 8 339 6 319 3 614 10 608
468 29.390955971420684 10.019311251219142 51.482552402030315 0 0 0 0.19624494916167998 7 520 2 395 5 528 8 549 6 543 1 449 3 567 9 601
469 30.284524447831956 10.028383559164757 51.394326720682116 0 0 0 0.22836166312376083 7 521 2 396 8 548 6 544 1 448 3 557
470 -9.5202961944884326 40.047165019072281 126.29098324863193 0 0 0 0.48919925360510896 7 501 2 401 5 474 8 536 10 612
472 -11.93366153802395 22.191086386166337 154.27607725981363 0 0 0 1.8140718170211318 7 569 2 421 8 412 6 517
474 5.7821986344668037 42.292547154823239 104.41176590379878 0 0 0 0.832958560515207 7 573 2 438 5 584 9 708 3 554
475 -2.9010026618588265 41.429105054622717 96.944443044732921 0 0 0 0.36954195372844151 7 589 2 445 5 597 8 528 6 564 1 476 3 624 9 789 10 724
476 5.8941796051513 41.6248134277917 104.23692068020343 0 0 0 0.13116256416893082 7 509 2 466 5 578 8 494 6 592 1 437
477 20.689712737674768 16.278148519205796 47.282265048711238 0 0 0 0.84818171858882641 7 323 2 469 5 499 6 502 3 266 9 746 10 622
478 31.954317549074407 -0.44125422579564016 51.751054138808875 0 0 0 1.1629784028615331 7 482 2 481 6 478
479 -13.099998463788596 35.633151332367163 107.51423085110869 0 0 0 1.5044878885967945 2 484 4 364 5 244 7 320 8 368 6 317 1 485 3 201
480 -22.749119939076376 0.090754562465982819 37.568675266421046 0 0 0 0.63005971507201242 7 8 2 14 5 8 8 7 6 14 1 13 3 10
481 -22.678665916323673 7.2808572865598746 38.474426319542602 0 0 0 0.25519006029250729 7 34 2 37 5 33 8 33 6 33 1 36 3 34
482 -22.014768770106972 -9.798538490582601 37.981740414481372 0 0 0 0.9853322843853386 7 40 2 39 5 46 6 46 1 34 3 46
483 -24.757409267479094 -1.8638349636283555 40.132589348815145 0 0 0 0.38812384811594902 7 117 2 48 5 121 8 81 6 86 1 68
484 9.7559229612005804 19.214269490671622 161.81987920751203 0 0 0 0.56420406855517391 7 64 2 60 5 61 8 53 6 75 1 58 3 57 10 75
485 -22.8830358087063 3.5749341312380154 38.463325096096433 0 0 0 0.25914203937255581 7 100 2 61 5 90 8 88 6 144 1 59 3 132
486 6.6158789301758745 7.2902037510556701 159.40231211159664 0 0 0 1.9561255221158922 7 47 2 66 4 63 6 44 1 67 10 63 9 120 3 127 10 136
487 -21.10809331579949 -10.761349550748214 38.180002380445465 0 0 0 0.69249917381930426 7 195 2 93 5 127 8 372 6 114 1 104 3 119
488 -4.4782179513300848 -14.615038007461315 50.281504406650825 0 0 0 0.53980788259846346 7 84 2 114 8 100 6 108 1 96 4 29 3 118 10 68
489 -23.052310167076541 4.031877149774175 37.84224511791998 0 0 0 0.24001269606131331 7 102 2 116 5 112 8 111 6 110 1 105 3 89
490 -23.226843561621749 -11.281352393421876 37.025581896427134 0 0 0 1.4955401862238029 7 426 2 135 5 178 8 508 6 419 5 407 1 372 3 204
491 9.8842559403624133 -16.035731153854424 64.000616481064412 0 0 0 1.0159421116912031 4 329 2 161 1 119
492 -23.435751709841742 8.5829780743513595 37.498046671699441 0 0 0 0.49405764529116314 7 130 2 174 5 110 6 239 1 186 3 121
493 -21.107894751220151 2.4773578184314893 35.948869607929275 0 0 0 0.4138631916055589 7 124 2 200 5 114 8 86 6 79 1 219
494 -23.257033246714524 3.0593792774643442 38.220066658925695 0 0 0 1.1127175798558042 7 453 2 201 6 518
495 6.9857569476751555 -3.9036089437987176 48.517822637078716 0 0 0 1.6176008371552004 4 124 7 168 8 143 6 131 1 156
496 -11.542765022422644 16.030476342724882 45.092500856173785 0 0 0 1.5434638852591389 7 601 2 230 5 498 6 507
497 11.349570759545205 -20.437139663614559 85.654481029281158 0 0 0 1.611331729980245 7 298 2 239 5 419 8 319 1 354
498 -23.326522419175078 3.5307825211118296 37.145760755022678 0 0 0 0.17012080985678604 7 355 2 264 5 322 6 350 1 295 3 486
499 -23.16897133662804 2.9309047852817374 39.006133479678915 0 0 0 0.97595114515551384 7 608 2 293 8 576 6 570 1 365
500 -7.979146800272872 15.782306574205442 47.198831111333206 0 0 0 0.54049391329827612 7 255 2 307 5 240 8 346 6 247 9 291
501 -4.0409061731879206 -17.308124405327561 49.892864629321046 0 0 0 1.2903115011184614 7 192 2 340 8 171
502 9.6919126602028047 -14.664426295453927 63.785963811662526 0 0 0 0.38460877033635243 7 440 2 345
503 -23.96321503924386 2.9048045163183476 37.818033992036874 0 0 0 0.19600110407670507 7 452 2 425 5 517 8 406 6 462 1 463 3 482
505 19.85544956791173 19.659587904976082 48.053690066152328 0 0 0 0.96622180056790796 4 14 7 4 5 5 8 9 6 5 3 15 9 14 10 12 10 401
507 7.7323157493797279 30.751707100428913 122.38089627929772 0 0 0 1.5520640316689003 2 13 4 12 7 18 5 20 8 19 6 18 1 12 3 20 10 17
509 -14.246977452948141 39.06571869871339 127.98482052554445 0 0 0 1.140204261182189 2 25 7 55 5 31 8 38 6 51 4 22 1 42 3 50
510 17.589904018591117 21.674512832097076 147.13453289030605 0 0 0 0.68591686359265558 2 34 4 34 7 33 5 34 8 32 6 34 1 31 3 33 9 33 10 38
511 -21.570967236557937 -0.65283552253039945 34.939738561556098 0 0 0 0.56466730962318468 7 67 5 63 8 118
513 26.030703603464094 -11.123615690233162 53.190826024529009 0 0 0 0.89287338771110292 4 208 7 87 5 79 7 200 8 54 6 111
514 20.300098717211057 16.579363635536179 47.906405768873753 0 0 0 0.43825358925954477 4 99 7 107 5 91 8 91 6 94 1 94 3 95 9 174 10 115
515 -22.525470996692288 8.7033680547537742 38.4750615318166 0 0 0 0.60486629877823384 2 83 7 62 5 95 8 89 6 66 1 85 3 58
516 7.8826569988431245 40.667980207002728 95.18295149568597 0 0 0 0.65404730420006729 2 315 4 142 7 227 5 99 8 133 6 140 1 287
518 -22.974630925187373 7.6999451550655929 38.057502462802255 0 0 0 0.88961414360000279 2 132 7 112 5 111 6 117 1 99 3 84
519 -22.992832951662791 3.785538457794499 35.909328916720852 0 0 0 0.47996165690935083 7 126 5 113 6 228 3 322
520 0.54632454593050395 41.686829758397927 161.28782815110895 0 0 0 1.2014554643559394 2 82 4 169 7 134 5 147 8 90 8 219 6 242 1 60 4 55 3 163 9 99 10 114
521 -23.007390788995458 3.2985853933268303 37.850096969526334 0 0 0 0.22938857613965719 2 203 5 159 6 226 1 182 3 301
522 -23.366628890646691 3.2622354526078947 37.772021815533876 0 0 0 0.37893103947921636 2 136 5 171 6 122 1 106
523 27.091921056660524 -9.3160236648620316 53.990894997122275 0 0 0 0.23692151495519589 2 168 5 188 1 180 3 218
525 -13.152874916396243 19.97147772867492 118.52772477855152 0 0 0 0.37525566110747643 2 204 7 189 5 222 8 263 6 359 1 191
527 -1.9553728827568884 -15.346974652308104 51.206364483683899 0 0 0 0.97330633209270212 2 236 5 254 9 325
528 28.651406112193751 -10.058692684966729 52.967210117519848 0 0 0 0.19328479615898039 2 246 5 267 8 180 6 301 3 331
529 28.169389670516576 -10.077575731238506 53.407583611954486 0 0 0 0.10741137384712338 2 248 5 269 8 277 6 302 1 337 3 332 10 381
530 -0.75388014456624652 41.425356169225822 105.35766044302332 0 0 0 0.43105642238027231 2 463 4 602 5 280 8 500 6 609 1 274 9 748
531 -15.047591198833295 17.626484036264017 45.463218697782708 0 0 0 2.276523004391688 2 324 5 281 1 288
532 -11.750567165844393 17.846344572094377 49.895296705062648 0 0 0 1.11760184383081 2 475 5 293 1 471
533 19.194672201997669 -0.29910092967926571 41.141408385728724 0 0 0 0.033519002738755417 2 414 7 279
534 -22.269996533480811 3.150490116356842 37.518436211406495 0 0 0 1.0606888369428304 2 202 5 320 1 293 3 299
535 -21.896924256232033 3.2875962867350879 37.285664053896959 0 0 0 1.0942725978803374 2 465 5 321 8 471 6 519 3 302
536 -23.06572194800847 4.2300300630988934 39.572092216772681 0 0 0 1.370857856220844 2 253 5 323 8 479 6 352 1 297 3 371 3 490
537 0.61341714089500743 24.347937115197045 132.01956679805488 0 0 0 0.68961583493977818 2 254 4 390 5 325 8 261 6 540 1 482
538 27.750940101251306 -9.6945004605876548 53.46282962134017 0 0 0 0.21786109954864527 4 542 7 315 5 330 8 274 3 275 9 430 10 329
539 27.756319005208109 -9.2913686696869444 53.553661657594084 0 0 0 0.27329544264562255 2 211 7 205 5 335 4 214 8 181 6 252 1 304 3 279 10 223
540 29.523251007175315 -5.7938660167604334 54.854478264950366 0 0 0 1.6936525136463603 4 351 7 268 5 344 8 478 6 261 10 344 3 662 9 483
541 18.739485770306345 20.565775733669597 47.150402021945943 0 0 0 0.57471786698408944 4 354 7 400 5 375 8 312 6 351 3 359 9 550 10 402
542 -3.6771743049170937 9.9946893087202131 22.764786962985436 0 0 0 0.79113107803585581 7 394 5 378 8 360 6 582
543 29.43637994744671 -8.2172349724539355 52.714122058709663 0 0 0 0.30388262601656657 2 353 5 397 6 615 1 254
544 -20.874971556584228 -9.6816992203963395 37.800357441650874 0 0 0 0.38860018679826314 2 349 5 416 6 612
545 27.486477280712048 -4.5685469092808049 53.93661771551487 0 0 0 0.19735843082410673 2 381 5 448 6 616 1 487 9 556
547 29.09664480855983 -1.0482203924496054 52.13141043113869 0 0 0 0.77719686970358859 4 687 7 475 5 463 8 457 1 460 3 516
548 -12.047032044650203 39.606222209954204 113.99793813665025 0 0 0 0.8751027820821089 2 268 5 477 8 590 3 530
549 23.153430887100079 12.958536496960782 45.981636309884209 0 0 0 1.8421928567238004 4 667 7 371 5 478 8 538 5 481 7 534 6 489
550 8.9487630520019437 42.045858554486983 110.54425981238603 0 0 0 0.10212965461793455 2 424 5 489 6 583
551 -8.9588196105387485 40.654907939841848 107.4439421922134 0 0 0 1.6332926893321735 2 409 4 609 5 494 8 559 6 514 7 500 5 531 8 568 4 605 1 270 3 537 10 711
552 8.5889291609357894 37.618818600150483 107.38636804407959 0 0 0 0.9604545237926323 2 403 4 588 5 501 1 439
553 -22.782554716233939 4.0125617620221909 38.357956413914046 0 0 0 0.2435371039316428 2 432 5 504 1 435 3 370
555 -9.3880871697385597 1.6425250297235034 16.122393650272016 0 0 0 0.25271079172170696 7 454 5 508
556 -24.719383417237989 2.4995167000755636 39.162716344432475 0 0 0 1.8113391666727843 2 189 5 518 8 62 7 48 6 42 1 216
557 30.939570280624665 10.174230902815978 51.079131996368197 0 0 0 0.37823742310617769 2 397 5 526 6 546 1 328
558 47.968185308339443 46.089750505824107 108.77163537115868 0 0 0 1.5670995226956004 2 313 7 226 5 556 8 169
560 -2.1242906277548284 0.52894906239050987 18.847006709037306 0 0 0 1.2946476567215819 7 594 5 565
562 -3.1185318390472991 41.436336001417757 103.11867552301072 0 0 0 0.24351283054837905 2 470 4 473 5 580 8 491 6 374 3 570 10 411
563 18.588605956183315 19.190517749774695 46.5529242290539 0 0 0 0.94219711748009705 4 563 7 576 5 592 6 598 3 659 9 775 10 613
564 7.0903829003591303 42.245575206690788 98.397403384102631 0 0 0 0.54776227979274361 2 447 5 595 6 280 1 466 9 703 10 415
565 3.837510473004341 40.16167593744774 103.15977828673043 0 0 0 0.67369415847125858 2 459 5 602 4 570 8 502 6 589
566 -7.3880370502113983 43.582260163429183 110.09184818853704 0 0 0 1.7819547759081074 2 461 4 595 5 603 7 507 6 335 5 278 1 431 3 364
569 11.14271596000898 -14.116591809801957 62.172174747878977 0 0 0 1.0465005819177879 2 67 4 206 7 299 2 154 5 102 8 121 8 380 6 89 1 174 3 137 9 227 10 231
570 13.427791562090855 23.368127733022124 142.55999168956126 0 0 0 1.5807450256110809 7 516 2 423 5 535 4 645 2 427 7 517 8 496 8 554 6 537 1 364 1 495 9 627
573 25.561744009669674 -8.974542538374175 54.078036431204936 0 0 0 0.47539187048878895 4 87 5 64 8 60 3 64
575 28.355330858810259 -2.6514391955215078 52.315902272467383 0 0 0 0.73599640103353015 4 439 7 91 8 80 1 70
576 -11.357497904004195 19.702605220679075 100.77034972788137 0 0 0 1.2631420311748656 2 391 5 225 7 245 8 109 6 225 3 562
578 22.955355090613804 14.341519474105672 50.525238630226504 0 0 0 1.8948496477907695 4 662 7 369 8 222 5 479 5 234 6 243 3 144
579 7.0545954519890897 20.968486553080879 146.15704539267674 0 0 0 0.48015926779037471 2 306 4 393 8 241 6 567 1 242 3 558 9 308
581 30.876327289012071 -0.99954055306425194 50.30935526448085 0 0 0 0.10814771474108335 2 287 8 295 6 476
583 -14.225174596052399 19.643347893030949 123.63750187328402 0 0 0 1.5492713458280207 2 413 8 401 4 649
584 8.5040864379241619 20.949394827810661 158.89530330840662 0 0 0 0.91493308201105239 2 418 8 405 6 232 1 238
585 -10.584049425586846 18.691291000174971 118.56517374886094 0 0 0 1.503960707655519 2 426 5 537 7 515 8 409 4 652 4 392 6 536 1 256 1 464 10 647
586 -13.590475059125579 18.905872361497011 126.85937499228682 0 0 0 2.1445485999861944 2 422 8 411 4 643 6 375 8 265 3 257 3 388 9 450
587 18.143747175854021 11.380926445257892 184.11799342208676 0 0 0 1.2121294906443165 2 101 4 507 5 519 8 433 4 62 6 376 1 108 3 531
588 30.964840444208392 -1.1498563502114447 51.681543040758022 0 0 0 0.55657258409718646 4 444 7 474 8 459 6 269 10 584
602 27.191407188046931 -10.104088960556648 54.175576475291621 0 0 0 0.16032466394437175 2 250 6 305 1 334
603 -25.204281458995009 -10.299039441539476 41.318406878576091 0 0 0 0.84620980315740568 5 564 7 197 8 447 6 371 3 207
629 21.004775372782035 13.761032426804308 47.581022087980671 0 0 0 0.54852350803791983 2 176 7 372 1 190 9 352
