1 0.9999769268549148 0.0066499985407410716 0.0006051018659902485 0.0012478497267351947 -0.166086 0.132146 4.64125 1 image1.jpg

12 0.9999774040861565 0.006496281136076495 0.0006810152163359897 0.0015892975768861666 -0.16125300000000004 -0.089114 4.646616 1 image2.jpg

23 0.999990106848622 0.002627279985340652 0.0005500126661671166 0.003546983341830629 0.13615899999999997 -6.15868 4.638432 1 image3.jpg

34 0.999996708160453 0.0018266789981261715 0.001240394237475302 0.0013070326051881733 0.3812911 -6.020868 4.751089 1 image4.jpg

45 0.9999847530289998 0.004220366422500208 0.001059640146772008 0.00339990875608405 0.142463 -4.602523 5.0484800000000005 1 image5.jpg

56 0.9999880368639732 0.004260745654719174 0.001252944937904113 0.0020499522885515206 0.230223 -5.897054 4.651108000000001 1 image6.jpg

67 0.9999925359577526 0.002269611551528402 0.0005406249379923594 0.003079710516354245 0.3578231 -11.699394 4.4026000000000005 1 image7.jpg

78 0.9864013143256714 0.009976236592808028 -0.16402647735111656 0.0028699351588993725 -0.374808 -12.391464 3.8134110000000003 1 image8.jpg

86 0.9858406880545044 0.012323485335087586 -0.16721254591453633 0.002496792781980229 -0.5068539999999999 -10.315653999999999 3.3471940000000004 1 image9.jpg

2 0.9859430642403169 0.00969720570220142 -0.16679553761594398 0.0012193889419244823 -0.21818099999999996 -3.954693999999998 3.7044550000000003 1 image10.jpg

3 0.9858374730155965 0.006287557060077416 -0.16756157565026758 0.0028393291529939966 -0.20224699999999995 -6.680493999999998 3.12068 1 image11.jpg

4 0.9858325993909145 0.006447390541310526 -0.167553607597154 0.004278517797031142 -0.4801739999999999 -10.696323999999997 2.84751 1 image12.jpg

5 0.9434893150494803 0.021627601142886442 -0.33068024615295943 -0.0032762876071839066 -0.5799839999999999 -9.660553999999998 2.61499 1 image13.jpg

6 0.9437997855943705 0.016705859192733055 -0.33009492854867206 -0.00046596899020838294 -0.5292299999999999 -7.019693999999998 2.4391300000000005 1 image14.jpg

7 0.9430607036165809 0.01732719234749433 -0.3321475468482145 0.003779526725080587 -1.337078 -3.838193999999998 2.32066 1 image15.jpg

8 0.9430114224485231 0.02633958813532947 -0.3317162670178062 3.77391780480886e-05 -1.434018 -8.521073999999999 3.3458330000000003 1 image16.jpg

9 0.9070145855867473 0.02534153295306591 -0.4203232212237323 0.003276879704115488 -0.9181379999999999 -10.237713999999999 3.167863 1 image17.jpg

10 0.8719928768811537 0.028258402257597466 -0.48869713263361136 0.0022356041831308703 -0.6832019999999999 -10.177743999999999 2.8038700000000003 1 image18.jpg

11 0.8721859800443519 0.02055343593850275 -0.48874149312969206 -0.0009619659839570707 -0.7283279999999999 -3.8697739999999987 2.1986800000000004 1 image19.jpg

13 0.8714189070492421 0.02436364366996057 -0.4899338600450828 -0.000560433361321673 -0.987938 -3.467063999999999 2.6279500000000002 1 image20.jpg

14 0.8712778937322745 0.02078902009154532 -0.4903492953376819 -0.00046593875512705024 -1.017088 -9.838524 2.2854400000000004 1 image21.jpg

15 0.780205755370045 0.03378779811974371 -0.6246051521632207 -0.002401640447029188 -1.0577379999999998 -9.697064 2.1631800000000005 1 image22.jpg

16 0.778396992944691 0.02677248654563974 -0.6271906482393841 -0.003639519183535861 -1.0163579999999999 -8.988854 1.7921300000000007 1 image23.jpg

17 0.7766842510766193 0.031080258068753225 -0.6291156292438816 -0.0030193921583145794 -1.358568 -2.7332140000000003 2.8616 1 image24.jpg

18 0.7756342526304496 0.03238465636721208 -0.6303310668782706 -0.005048396426844959 -1.303508 -4.6175 3.266195 1 image25.jpg

19 0.775929554984818 0.033703467873613 -0.629884066225449 -0.006592804384243811 -1.206378 -9.896714 3.529132 1 image26.jpg

20 0.6575345378082489 0.04322897428385983 -0.7521370950779716 -0.008329320460176953 -1.2335779999999998 -8.981154 2.51898 1 image27.jpg

21 0.6575803347789556 0.03482270301749116 -0.75242733703896 -0.015119032476052618 -0.5654859999999999 -5.7520109999999995 2.7883 1 image28.jpg

22 0.6566778739608589 0.03528289890376274 -0.7533450964366127 -0.0006727333081057163 -1.432548 -2.0835239999999997 2.56351 1 image29.jpg

24 0.6560612658070284 0.03917110351379918 -0.75367024003488 -0.005514475764486854 -1.1436879999999998 -7.038063999999999 2.68712 1 image30.jpg

25 0.5749061565490838 0.042376745861788356 -0.8171197419976929 -0.0015651868097410482 -0.989358 -9.557904 2.95798 1 image31.jpg

26 0.5654947755330979 0.05263824820626178 -0.8229920354659375 -0.011357078417458366 0.73753 -8.577894 4.403016 1 image32.jpg

27 0.522669665397458 0.04714125988697961 -0.8511743904274114 -0.00981221535141593 -1.258788 -2.6890040000000006 3.35798 1 image33.jpg

28 0.5258470531944531 0.04099524329812345 -0.8495285208336374 -0.010274189206446717 -1.039148 -1.9446440000000007 3.31949 1 image34.jpg

29 0.5633107783644354 0.056524348679889536 -0.8243076432863315 -0.0016953479000408472 0.606941 -7.9184339999999995 4.659419 1 image35.jpg

30 0.4220056300717897 0.049244662166715185 -0.9052426364970843 -0.004688336976539791 0.22398479999999998 -7.904374 3.9530861999999996 1 image36.jpg

31 0.42348187330099063 0.047992815227240124 -0.9046310776450031 -0.0015511385780061226 0.743725 -6.720394 4.72544 1 image37.jpg

32 0.4235180692513146 0.04664503598117695 -0.9046859488435344 -0.000140003669152039 0.49272799999999994 -0.5540639999999994 5.41315 1 image38.jpg

33 0.4223827508902617 0.04911028179466924 -0.9050659776286807 -0.006047157304374311 1.111338 -2.825433999999999 5.74183 1 image39.jpg

35 0.4232028043732898 0.052675981311680165 -0.9044787366578207 -0.006545402761245746 1.0504660000000001 -7.646594 5.7836300000000005 1 image40.jpg

36 0.2596330194888671 0.057389650702274336 -0.9639929037376468 -0.0038476911030907723 0.3732639000000001 -7.6280339999999995 5.91357 1 image41.jpg

37 0.26269109485441827 0.05436095251040966 -0.9633120470031694 -0.008256853208792398 0.5929220000000001 -2.884164 5.66366 1 image42.jpg

38 0.26323301153806683 0.05193149178508999 -0.9633025473449436 -0.007726841289809862 1.2952880000000002 -0.9372540000000003 6.366210000000001 1 image43.jpg

39 0.2614610218785969 0.05415010338257343 -0.9636800735120391 -0.005159094657733003 1.6579220000000001 -6.941804 5.77634 1 image44.jpg

40 0.1555536025519091 0.056544215010929134 -0.9861831924234626 -0.006967026868624111 0.2239835000000001 -9.288624 5.91453 1 image45.jpg

41 0.09907390106231465 0.05552418009448253 -0.9935192121702351 -0.004582859562038575 -0.17716299999999985 -8.034374 5.55048 1 image46.jpg

42 0.10484573111770532 0.05112784733973982 -0.9931635845037102 -0.004405713170371521 -0.10415799999999986 -1.9661739999999996 5.36629 1 image47.jpg

43 0.10433655087701525 0.051973417389911264 -0.993170655314322 -0.004969653752761921 -0.12106099999999986 -1.5692839999999997 5.52446 1 image48.jpg

44 0.10383806621380058 0.05318399701579649 -0.9931642463167344 -0.003728042987239135 -0.053092999999999835 -7.974653999999999 5.258050000000001 1 image49.jpg

46 0.07176565208938741 -0.05302990211852355 0.9960107998930487 8.460433818534459e-05 -0.2106059999999999 -8.092464 4.679236 1 image50.jpg

47 0.07121126633073474 -0.05076016459709661 0.9961638584065335 0.003150943074170597 -0.4321119999999999 -6.307454999999999 4.6509990000000005 1 image51.jpg

48 -0.07051246645769538 0.04976463415573209 -0.9962499175757206 -0.006129844351078603 -0.3882499999999998 -0.543213999999999 4.8261 1 image52.jpg

49 0.07270723922638223 -0.05244734280382148 0.9959666769999342 0.003648548013214562 -0.6258859999999999 -4.183363999999999 5.31163 1 image53.jpg

50 0.07382594901414195 -0.053348268190218325 0.995842647987732 0.00105450559421119 -0.2348229999999999 -8.058843999999999 4.409896 1 image54.jpg

51 0.24315351902884735 -0.04581628622307168 0.9688898476708242 0.00544951199837976 -0.35271399999999997 -7.999783999999998 4.526289 1 image55.jpg

52 0.24412663122872658 -0.04844047146504197 0.9685255965730744 0.0037252425327905046 -0.6085409999999999 -4.454512999999999 4.259860000000001 1 image56.jpg

53 0.2445088653824712 -0.04682287221961253 0.9685014082524572 0.005296753674618207 -0.46846999999999994 -0.4514939999999985 4.209887000000001 1 image57.jpg

54 0.24564420125862452 -0.0518479109229397 0.9679669494224187 0.0032719026263106268 -0.5506709999999999 -6.813843999999999 4.844184000000001 1 image58.jpg

55 0.3684474837054306 -0.05251249285982587 0.9281639053217153 -0.0008091370248591856 -0.1965539999999999 -8.021233999999998 4.2360820000000015 1 image59.jpg

57 0.4129329325456861 -0.044991201312430174 0.9096347272116124 0.0051815127462618155 -0.3338309999999999 -6.886083999999998 3.4638950000000017 1 image60.jpg

58 0.41308864623089026 -0.04298515355002058 0.9096388260754464 0.008200794199052232 -0.2718299999999999 -0.13277399999999773 3.8102460000000016 1 image61.jpg

59 0.41039281943945455 -0.038031764586332804 0.9111130462440306 0.002082210101814773 -0.20579399999999992 -0.6788039999999977 2.0912100000000016 1 image62.jpg

60 0.412709930526732 -0.04716692538354708 0.909637420145568 0.002357597378311614 -0.37077099999999996 -6.265040999999997 1.7117600000000015 1 image63.jpg

61 0.5614745596084675 -0.037642975511840995 0.8265772796193911 0.009966249249300074 0.3677690000000001 -6.217180999999997 2.2130200000000015 1 image64.jpg

62 0.563307356949587 -0.04115442542775983 0.8252208279381003 0.001311492027355629 -0.04647199999999985 -6.0028989999999975 3.2015250000000015 1 image65.jpg

63 0.5608226270047683 -0.04017861412722386 0.8269603081575223 -0.0005556422428443439 -0.05708599999999986 -0.2362139999999977 2.7721100000000014 1 image66.jpg

64 0.5646533375369677 -0.0411786418472703 0.8242891005999917 -0.004290279248979997 0.4518380000000001 -5.040757999999998 3.3310400000000016 1 image67.jpg

65 0.5652350240265002 -0.03518219072305761 0.8240869389038575 0.012340915596417364 0.3644354000000001 -6.310765999999997 2.4431900000000013 1 image68.jpg

66 0.7021114927586378 -0.03212998728743316 0.7112773326086912 0.009574537597796029 0.9929880000000001 -5.854102999999998 2.317610000000001 1 image69.jpg

68 0.7002746280599995 -0.023042817287393713 0.7134022553006053 0.011903612850688083 0.6036560000000001 -1.7148939999999975 3.2273820000000013 1 image70.jpg

69 0.6987246569360093 -0.02490567206247546 0.7149426758507416 0.0045311738163568704 0.943961 0.48922600000000216 3.4138340000000014 1 image71.jpg

70 0.7011843480750881 -0.028750906780220853 0.7123278639509489 0.010144437535270168 0.923753 -5.247492999999998 3.1863440000000014 1 image72.jpg

71 0.7858162973976534 -0.02589700330151817 0.6178722138797863 0.007484602830853913 0.19489600000000007 -6.610473999999998 3.1912620000000014 1 image73.jpg

72 0.8126310601991549 -0.0249578618157489 0.58217574783645 0.008903019951321794 0.3574897000000001 -6.6916639999999985 2.956520000000001 1 image74.jpg

73 0.8138202892509132 -0.021189233312729455 0.5806981444689063 0.0061006725487919335 0.5810000000000001 -0.0023639999999982564 2.983290000000001 1 image75.jpg

74 0.8140801360849763 -0.02457317264993981 0.5801984595953376 0.006280023963340917 0.3917349000000001 -0.7374639999999983 3.329951000000001 1 image76.jpg

75 0.8138730871692359 -0.024722679643300872 0.5804973728359082 0.004710331567999208 0.7593270000000001 -7.004613999999998 3.5999390000000013 1 image77.jpg

76 0.9012888434351265 -0.02016287438244702 0.43274148428079473 0.0025859192687188483 0.7737780000000001 -7.041163999999998 3.7199040000000014 1 image78.jpg

77 0.902020023992158 -0.015820921727580116 0.43134332284734 0.00724655696809601 0.4262230000000001 -4.444182999999999 4.049920200000002 1 image79.jpg

79 0.9013039661037274 -0.012379025328766243 0.4329865391856313 0.004536221076016141 0.33847460000000007 0.9215560000000007 4.3849550000000015 1 image80.jpg

80 0.9018545368962101 -0.014948696689061585 0.4317347159515799 0.0063297542787794 0.4125130000000001 -3.2572139999999994 4.424602000000002 1 image81.jpg

81 0.9031472292302921 -0.017497399750846163 0.4289589445146609 0.003625914570611001 0.7087620000000001 -6.6276839999999995 3.431877000000002 1 image82.jpg

82 0.9636826339358894 -0.008992644038871294 0.266682763646596 0.010733917150348235 0.08329000000000009 -6.552904 3.6159070000000018 1 image83.jpg

83 0.9635598289640097 -0.007039060246313857 0.2673324549178903 0.0060221412530134105 0.3176845000000001 -2.116154 4.001041500000002 1 image84.jpg

84 0.9636196356385656 -0.006876617289904935 0.2670524270497476 0.008538802801641522 -0.08189799999999992 0.820656 4.166165000000002 1 image85.jpg

85 0.9641281807919001 -0.007773149449198911 0.2650952745918508 0.01099656944746314 0.23206510000000008 -5.06719 4.184435000000002 1 image86.jpg

